0 0 8128.94 5945.72 5814.53 3910.07 2314.41 2035.65
0 5 8128.94 5945.72 5814.53 3910.07 2314.41 2035.65
0 10 8128.94 5945.72 5814.53 3910.07 2314.41 2035.65
0 15 8128.94 5945.72 5814.53 3910.07 2314.41 2035.65
0 20 8128.94 5945.72 5814.53 3910.07 2314.41 2035.65
0 25 8128.94 5945.72 5814.53 3910.07 2314.41 2035.65
0 30 8128.94 5945.72 5814.53 3910.07 2314.41 2035.65
0 35 8128.94 5945.72 5814.53 3910.07 2314.41 2035.65
0 40 8128.94 5945.72 5814.53 3910.07 2314.41 2035.65
0 45 8128.94 5945.72 5814.53 3910.07 2314.41 2035.65
0 50 8128.94 5945.72 5814.53 3910.07 2314.41 2035.65
0 55 8128.94 5945.72 5814.53 3910.07 2314.41 2035.65
0 60 8128.94 5945.72 5814.53 3910.07 2314.41 2035.65
0 65 8128.94 5945.72 5814.53 3910.07 2314.41 2035.65
0 70 8128.94 5945.72 5814.53 3910.07 2314.41 2035.65
0 75 8128.94 5945.72 5814.53 3910.07 2314.41 2035.65
0 80 8128.94 5945.72 5814.53 3910.07 2314.41 2035.65
0 85 8128.94 5945.72 5814.53 3910.07 2314.41 2035.65
0 90 8128.94 5945.72 5814.53 3910.07 2314.41 2035.65
0 95 8128.94 5945.72 5814.53 3910.07 2314.41 2035.65
0 100 8128.94 5945.72 5814.53 3910.07 2314.41 2035.65
0 105 8128.94 5945.72 5814.53 3910.07 2314.41 2035.65
0 110 8128.94 5945.72 5814.53 3910.07 2314.41 2035.65
0 115 8128.94 5945.72 5814.53 3910.07 2314.41 2035.65
0 120 8128.94 5945.72 5814.53 3910.07 2314.41 2035.65
0 125 8128.94 5945.72 5814.53 3910.07 2314.41 2035.65
0 130 8128.94 5945.72 5814.53 3910.07 2314.41 2035.65
0 135 8128.94 5945.72 5814.53 3910.07 2314.41 2035.65
0 140 8128.94 5945.72 5814.53 3910.07 2314.41 2035.65
0 145 8128.94 5945.72 5814.53 3910.07 2314.41 2035.65
0 150 8128.94 5945.72 5814.53 3910.07 2314.41 2035.65
0 155 8128.94 5945.72 5814.53 3910.07 2314.41 2035.65
0 160 8128.94 5945.72 5814.53 3910.07 2314.41 2035.65
0 165 8128.94 5945.72 5814.53 3910.07 2314.41 2035.65
0 170 8128.94 5945.72 5814.53 3910.07 2314.41 2035.65
0.002 0 8136.47 5945.72 5822.09 3910.07 2314.38 2035.65
0.002 5 8137.64 5945.72 5822.77 3910.07 2314.87 2035.65
0.002 10 8137.97 5945.72 5822.76 3910.07 2315.21 2035.64
0.002 15 8137.3 5945.72 5821.99 3910.07 2315.31 2035.64
0.002 20 8136.03 5945.72 5820.74 3910.07 2315.28 2035.64
0.002 25 8134.86 5945.72 5819.61 3910.07 2315.25 2035.64
0.002 30 8134.22 5945.72 5819.03 3910.07 2315.2 2035.64
0.002 35 8134.1 5945.72 5818.99 3910.07 2315.11 2035.65
0.002 40 8134.22 5945.72 5819.16 3910.07 2315.07 2035.65
0.002 45 8134.45 5945.71 5819.27 3910.07 2315.18 2035.65
0.002 50 8134.76 5945.71 5819.34 3910.07 2315.42 2035.64
0.002 55 8134.95 5945.71 5819.39 3910.07 2315.57 2035.64
0.002 60 8134.7 5945.71 5819.3 3910.07 2315.39 2035.64
0.002 65 8133.93 5945.71 5819.02 3910.07 2314.91 2035.65
0.002 70 8133.19 5945.71 5818.84 3910.07 2314.35 2035.65
0.002 75 8133.22 5945.71 5819.25 3910.07 2313.97 2035.65
0.002 80 8134.2 5945.71 5820.3 3910.07 2313.9 2035.65
0.002 85 8135.7 5945.71 5821.55 3910.07 2314.16 2035.65
0.002 90 8137.13 5945.71 5822.5 3910.07 2314.63 2035.65
0.002 95 8137.93 5945.71 5822.86 3910.07 2315.07 2035.65
0.002 100 8137.74 5945.71 5822.46 3910.07 2315.29 2035.65
0.002 105 8136.69 5945.71 5821.38 3910.07 2315.31 2035.65
0.002 110 8135.39 5945.71 5820.12 3910.07 2315.27 2035.65
0.002 115 8134.46 5945.71 5819.23 3910.07 2315.23 2035.65
0.002 120 8134.11 5945.71 5818.95 3910.07 2315.16 2035.65
0.002 125 8134.14 5945.71 5819.06 3910.07 2315.08 2035.65
0.002 130 8134.33 5945.72 5819.23 3910.07 2315.1 2035.65
0.002 135 8134.61 5945.72 5819.31 3910.07 2315.3 2035.65
0.002 140 8134.89 5945.72 5819.37 3910.07 2315.53 2035.65
0.002 145 8134.9 5945.72 5819.38 3910.07 2315.53 2035.65
0.002 150 8134.36 5945.72 5819.18 3910.07 2315.18 2035.65
0.002 155 8133.51 5945.72 5818.88 3910.07 2314.63 2035.65
0.002 160 8133.08 5945.72 5818.95 3910.07 2314.13 2035.65
0.002 165 8133.61 5945.72 5819.72 3910.07 2313.89 2035.65
0.002 170 8134.93 5945.72 5820.94 3910.07 2313.99 2035.65
0.004 0 8137.46 5945.72 5820.88 3910.07 2316.58 2035.64
0.004 5 8141.28 5945.72 5824.53 3910.07 2316.75 2035.64
0.004 10 8143.47 5945.72 5826.7 3910.07 2316.78 2035.64
0.004 15 8140.98 5945.72 5825.03 3910.07 2315.94 2035.64
0.004 20 8138.08 5945.72 5822.03 3910.07 2316.06 2035.64
0.004 25 8137.09 5945.72 5820.33 3910.07 2316.77 2035.64
0.004 30 8135.37 5945.72 5818.57 3910.07 2316.8 2035.64
0.004 35 8132.19 5945.72 5815.52 3910.07 2316.68 2035.64
0.004 40 8129.77 5945.71 5813.3 3910.07 2316.47 2035.64
0.004 45 8129.22 5945.71 5813.17 3910.07 2316.06 2035.64
0.004 50 8131.13 5945.71 5815.15 3910.07 2315.98 2035.64
0.004 55 8135.55 5945.71 5819.07 3910.07 2316.48 2035.64
0.004 60 8138.97 5945.71 5822.11 3910.07 2316.86 2035.65
0.004 65 8137.94 5945.71 5821.5 3910.07 2316.45 2035.65
0.004 70 8135.74 5945.71 5818.96 3910.07 2316.78 2035.65
0.004 75 8136.05 5945.71 5818.03 3910.07 2318.02 2035.65
0.004 80 8136.82 5945.71 5818.82 3910.07 2318 2035.65
0.004 85 8136.7 5945.71 5819.76 3910.07 2316.94 2035.65
0.004 90 8139.13 5945.71 5822.58 3910.07 2316.55 2035.65
0.004 95 8142.96 5945.71 5826.05 3910.06 2316.91 2035.65
0.004 100 8142.63 5945.71 5826.26 3910.06 2316.37 2035.65
0.004 105 8139.27 5945.71 5823.44 3910.07 2315.83 2035.65
0.004 110 8137.47 5945.71 5821 3910.07 2316.47 2035.65
0.004 115 8136.48 5945.71 5819.61 3910.07 2316.87 2035.65
0.004 120 8133.84 5945.71 5817.11 3910.07 2316.73 2035.65
0.004 125 8130.78 5945.72 5814.16 3910.07 2316.62 2035.65
0.004 130 8129.25 5945.72 5812.98 3910.07 2316.27 2035.65
0.004 135 8129.82 5945.72 5813.86 3910.07 2315.96 2035.65
0.004 140 8133.15 5945.72 5816.97 3910.07 2316.19 2035.65
0.004 145 8137.73 5945.72 5820.96 3910.07 2316.77 2035.65
0.004 150 8138.98 5945.72 5822.26 3910.07 2316.71 2035.65
0.004 155 8136.64 5945.72 5820.23 3910.07 2316.41 2035.65
0.004 160 8135.62 5945.72 5818.18 3910.07 2317.44 2035.65
0.004 165 8136.61 5945.72 5818.39 3910.07 2318.22 2035.65
0.004 170 8136.7 5945.72 5819.21 3910.07 2317.49 2035.64
0.006 0 8136.98 5945.72 5819.68 3910.07 2317.3 2035.64
0.006 5 8140.77 5945.72 5823.37 3910.08 2317.4 2035.64
0.006 10 8142.08 5945.72 5824.05 3910.08 2318.03 2035.64
0.006 15 8138.18 5945.72 5822.62 3910.08 2315.56 2035.64
0.006 20 8133.49 5945.72 5817.39 3910.08 2316.1 2035.64
0.006 25 8130.71 5945.72 5813.33 3910.08 2317.38 2035.64
0.006 30 8130.06 5945.72 5812.76 3910.07 2317.3 2035.64
0.006 35 8126.56 5945.72 5808.76 3910.07 2317.8 2035.64
0.006 40 8124.97 5945.72 5808.18 3910.07 2316.79 2035.64
0.006 45 8123.8 5945.71 5806.41 3910.07 2317.39 2035.64
0.006 50 8123.1 5945.71 5804.23 3910.07 2318.87 2035.64
0.006 55 8123.64 5945.71 5804.46 3910.07 2319.19 2035.64
0.006 60 8125.79 5945.71 5807.15 3910.07 2318.63 2035.64
0.006 65 8129.91 5945.71 5812.3 3910.07 2317.62 2035.64
0.006 70 8132.43 5945.71 5815.39 3910.07 2317.04 2035.65
0.006 75 8131.64 5945.71 5814.39 3910.07 2317.25 2035.65
0.006 80 8132.49 5945.71 5815.07 3910.06 2317.42 2035.65
0.006 85 8136.15 5945.71 5818.21 3910.06 2317.94 2035.65
0.006 90 8138.44 5945.71 5821.49 3910.06 2316.95 2035.65
0.006 95 8142.38 5945.71 5824.24 3910.06 2318.14 2035.65
0.006 100 8140.31 5945.71 5823.45 3910.06 2316.86 2035.65
0.006 105 8135.92 5945.71 5820.6 3910.06 2315.32 2035.65
0.006 110 8131.52 5945.71 5814.46 3910.06 2317.06 2035.65
0.006 115 8130.62 5945.71 5813.34 3910.06 2317.28 2035.65
0.006 120 8128.48 5945.71 5810.81 3910.06 2317.67 2035.65
0.006 125 8125.37 5945.71 5807.97 3910.07 2317.4 2035.65
0.006 130 8124.61 5945.72 5807.86 3910.07 2316.74 2035.65
0.006 135 8123.11 5945.72 5804.82 3910.07 2318.28 2035.65
0.006 140 8123.52 5945.72 5804.35 3910.07 2319.17 2035.65
0.006 145 8124.06 5945.72 5805.07 3910.07 2318.99 2035.65
0.006 150 8128.27 5945.72 5810.03 3910.07 2318.24 2035.65
0.006 155 8131.12 5945.72 5814.08 3910.07 2317.04 2035.65
0.006 160 8132.74 5945.72 5815.38 3910.07 2317.36 2035.65
0.006 165 8131.16 5945.72 5814.12 3910.07 2317.04 2035.64
0.006 170 8134.7 5945.72 5816.7 3910.07 2318 2035.64
0.008 0 8133.14 5945.72 5816.92 3910.08 2316.22 2035.64
0.008 5 8133.58 5945.72 5819.19 3910.08 2314.39 2035.64
0.008 10 8134.05 5945.72 5818.87 3910.08 2315.17 2035.64
0.008 15 8132.68 5945.72 5815.69 3910.08 2316.98 2035.64
0.008 20 8127.81 5945.72 5812.05 3910.08 2315.76 2035.64
0.008 25 8128.74 5945.72 5812.8 3910.08 2315.94 2035.64
0.008 30 8126.04 5945.72 5809.36 3910.08 2316.68 2035.64
0.008 35 8125.62 5945.72 5807.25 3910.08 2318.37 2035.64
0.008 40 8123.05 5945.72 5803.07 3910.08 2319.98 2035.64
0.008 45 8120.22 5945.71 5799.03 3910.07 2321.19 2035.64
0.008 50 8122.21 5945.71 5801.85 3910.07 2320.36 2035.64
0.008 55 8116.82 5945.71 5798.16 3910.07 2318.66 2035.64
0.008 60 8117.9 5945.71 5800.17 3910.07 2317.73 2035.64
0.008 65 8121.17 5945.71 5804.88 3910.07 2316.29 2035.64
0.008 70 8126.14 5945.71 5810.42 3910.07 2315.72 2035.64
0.008 75 8129.31 5945.71 5814.42 3910.06 2314.89 2035.65
0.008 80 8131.11 5945.71 5814.3 3910.06 2316.8 2035.65
0.008 85 8132.34 5945.71 5815.74 3910.06 2316.6 2035.65
0.008 90 8133.28 5945.71 5818.26 3910.06 2315.02 2035.65
0.008 95 8134.24 5945.71 5819.46 3910.06 2314.78 2035.65
0.008 100 8133.38 5945.71 5817.34 3910.06 2316.04 2035.65
0.008 105 8130.4 5945.71 5813.77 3910.06 2316.62 2035.65
0.008 110 8127.78 5945.71 5812 3910.06 2315.79 2035.65
0.008 115 8127.69 5945.71 5811.63 3910.06 2316.07 2035.65
0.008 120 8125.8 5945.71 5808.18 3910.06 2317.62 2035.65
0.008 125 8124.49 5945.71 5805.32 3910.06 2319.16 2035.65
0.008 130 8121.36 5945.72 5800.58 3910.06 2320.78 2035.65
0.008 135 8121.35 5945.72 5800.32 3910.07 2321.03 2035.65
0.008 140 8119.56 5945.72 5800.06 3910.07 2319.5 2035.65
0.008 145 8117.27 5945.72 5799.01 3910.07 2318.25 2035.65
0.008 150 8119.07 5945.72 5802.2 3910.07 2316.87 2035.65
0.008 155 8122.93 5945.72 5806.95 3910.07 2315.99 2035.65
0.008 160 8128.44 5945.72 5813.15 3910.07 2315.29 2035.65
0.008 165 8130.64 5945.72 5814.89 3910.07 2315.74 2035.65
0.008 170 8131.55 5945.72 5814.82 3910.08 2316.74 2035.64
0.01 0 8131.17 5945.72 5816.42 3910.08 2314.75 2035.64
0.01 5 8127.32 5945.72 5812.46 3910.08 2314.86 2035.64
0.01 10 8124.84 5945.72 5810.81 3910.08 2314.03 2035.64
0.01 15 8123.31 5945.72 5806.45 3910.08 2316.86 2035.64
0.01 20 8121.37 5945.72 5806.46 3910.08 2314.91 2035.64
0.01 25 8119.73 5945.72 5803.7 3910.08 2316.04 2035.64
0.01 30 8119.87 5945.72 5800.97 3910.08 2318.9 2035.64
0.01 35 8117.96 5945.72 5798.6 3910.08 2319.36 2035.64
0.01 40 8117.46 5945.71 5795.53 3910.08 2321.93 2035.64
0.01 45 8117.29 5945.71 5793.56 3910.07 2323.74 2035.64
0.01 50 8117.24 5945.71 5794.98 3910.07 2322.27 2035.64
0.01 55 8120.28 5945.71 5800.18 3910.07 2320.09 2035.64
0.01 60 8117.71 5945.71 5799.29 3910.07 2318.42 2035.64
0.01 65 8113.59 5945.71 5798.36 3910.07 2315.24 2035.64
0.01 70 8118.75 5945.71 5805.6 3910.07 2313.16 2035.64
0.01 75 8128.55 5945.71 5814.05 3910.06 2314.5 2035.65
0.01 80 8129.7 5945.71 5814.48 3910.06 2315.22 2035.65
0.01 85 8130.33 5945.71 5815 3910.06 2315.33 2035.65
0.01 90 8131.31 5945.71 5816.36 3910.06 2314.95 2035.65
0.01 95 8124.16 5945.71 5808.94 3910.06 2315.22 2035.65
0.01 100 8123.89 5945.71 5809.24 3910.06 2314.65 2035.65
0.01 105 8123.03 5945.71 5807.4 3910.06 2315.63 2035.65
0.01 110 8119.86 5945.71 5803.95 3910.06 2315.91 2035.65
0.01 115 8120.12 5945.71 5802.9 3910.06 2317.23 2035.65
0.01 120 8119.25 5945.71 5799.84 3910.06 2319.41 2035.65
0.01 125 8116.7 5945.71 5796.28 3910.06 2320.42 2035.65
0.01 130 8118.1 5945.72 5795.08 3910.06 2323.02 2035.65
0.01 135 8117.19 5945.72 5793.82 3910.07 2323.36 2035.65
0.01 140 8119.03 5945.72 5797.32 3910.07 2321.71 2035.65
0.01 145 8119 5945.72 5800.45 3910.07 2318.55 2035.65
0.01 150 8113.83 5945.72 5796.63 3910.07 2317.2 2035.65
0.01 155 8115.27 5945.72 5801.41 3910.07 2313.85 2035.65
0.01 160 8122.62 5945.72 5809.06 3910.07 2313.56 2035.65
0.01 165 8131.61 5945.72 5816.74 3910.08 2314.87 2035.64
0.01 170 8129.93 5945.72 5813.83 3910.08 2316.09 2035.64
0.012 0 8124.06 5945.72 5809.74 3910.08 2314.32 2035.64
0.012 5 8123.86 5945.72 5808.12 3910.08 2315.74 2035.64
0.012 10 8119.71 5945.72 5803.8 3910.08 2315.91 2035.64
0.012 15 8114.81 5945.72 5798.99 3910.08 2315.82 2035.64
0.012 20 8111.02 5945.72 5793.91 3910.08 2317.11 2035.64
0.012 25 8112.8 5945.72 5795.6 3910.08 2317.21 2035.64
0.012 30 8117.5 5945.72 5796.91 3910.08 2320.59 2035.64
0.012 35 8115.08 5945.72 5792.67 3910.08 2322.41 2035.64
0.012 40 8114.16 5945.71 5788.48 3910.08 2325.68 2035.64
0.012 45 8112.41 5945.71 5786.96 3910.08 2325.44 2035.64
0.012 50 8111.38 5945.71 5786.18 3910.07 2325.2 2035.64
0.012 55 8109.19 5945.71 5785.75 3910.07 2323.44 2035.64
0.012 60 8108.29 5945.71 5789.55 3910.07 2318.74 2035.64
0.012 65 8112.97 5945.71 5797.35 3910.06 2315.62 2035.64
0.012 70 8121.26 5945.71 5805.33 3910.06 2315.93 2035.64
0.012 75 8128.37 5945.71 5811.97 3910.06 2316.4 2035.65
0.012 80 8128.96 5945.71 5814.09 3910.06 2314.87 2035.65
0.012 85 8128.39 5945.71 5813.47 3910.06 2314.91 2035.65
0.012 90 8124.85 5945.71 5809.19 3910.06 2315.66 2035.65
0.012 95 8121.04 5945.71 5805.14 3910.06 2315.9 2035.65
0.012 100 8117.19 5945.71 5801.76 3910.06 2315.43 2035.65
0.012 105 8112.87 5945.71 5797.33 3910.06 2315.54 2035.65
0.012 110 8109.98 5945.71 5793.2 3910.06 2316.77 2035.65
0.012 115 8115.5 5945.71 5795.91 3910.06 2319.59 2035.65
0.012 120 8116.2 5945.71 5794.06 3910.06 2322.15 2035.65
0.012 125 8115.55 5945.71 5792.16 3910.06 2323.4 2035.65
0.012 130 8111.85 5945.72 5786.29 3910.06 2325.56 2035.65
0.012 135 8114.07 5945.72 5788.22 3910.06 2325.85 2035.65
0.012 140 8110.18 5945.72 5785.78 3910.07 2324.39 2035.65
0.012 145 8107.21 5945.72 5786.19 3910.07 2321.02 2035.65
0.012 150 8110.69 5945.72 5794.44 3910.07 2316.25 2035.65
0.012 155 8117.41 5945.72 5801.19 3910.07 2316.22 2035.65
0.012 160 8125.59 5945.72 5809.68 3910.08 2315.9 2035.65
0.012 165 8128.32 5945.72 5812.05 3910.08 2316.27 2035.64
0.012 170 8126.77 5945.72 5812.63 3910.08 2314.15 2035.64
0.014 0 8121.96 5945.72 5805.72 3910.08 2316.24 2035.64
0.014 5 8113.75 5945.72 5797.95 3910.08 2315.8 2035.64
0.014 10 8110.83 5945.72 5794.71 3910.08 2316.11 2035.64
0.014 15 8106.95 5945.72 5791.37 3910.08 2315.58 2035.64
0.014 20 8107.28 5945.72 5790.91 3910.08 2316.37 2035.64
0.014 25 8106.3 5945.72 5788.24 3910.08 2318.06 2035.64
0.014 30 8109.84 5945.72 5787.7 3910.08 2322.13 2035.64
0.014 35 8105.73 5945.72 5783.16 3910.08 2322.57 2035.64
0.014 40 8106.97 5945.71 5782.2 3910.08 2324.77 2035.64
0.014 45 8107.91 5945.71 5780.46 3910.08 2327.45 2035.64
0.014 50 8106.32 5945.71 5778.98 3910.07 2327.34 2035.64
0.014 55 8099.9 5945.71 5776.46 3910.07 2323.44 2035.64
0.014 60 8105.3 5945.71 5783.11 3910.07 2322.18 2035.64
0.014 65 8121.05 5945.71 5800.68 3910.07 2320.37 2035.64
0.014 70 8124.21 5945.71 5804.72 3910.06 2319.5 2035.64
0.014 75 8129.65 5945.71 5811.36 3910.06 2318.3 2035.65
0.014 80 8128.13 5945.71 5810.11 3910.06 2318.02 2035.65
0.014 85 8122.88 5945.71 5806.48 3910.06 2316.4 2035.65
0.014 90 8119.18 5945.71 5803.55 3910.06 2315.62 2035.65
0.014 95 8111.87 5945.71 5797.15 3910.05 2314.72 2035.65
0.014 100 8111.22 5945.71 5795.48 3910.05 2315.74 2035.65
0.014 105 8106.38 5945.71 5789.52 3910.05 2316.87 2035.65
0.014 110 8104.99 5945.71 5786.96 3910.05 2318.03 2035.66
0.014 115 8108.3 5945.71 5787.87 3910.05 2320.44 2035.66
0.014 120 8106.21 5945.71 5784.88 3910.06 2321.33 2035.66
0.014 125 8107.56 5945.71 5783.23 3910.06 2324.33 2035.66
0.014 130 8108.96 5945.72 5782.94 3910.06 2326.01 2035.65
0.014 135 8108.14 5945.72 5780.81 3910.06 2327.33 2035.65
0.014 140 8102.12 5945.72 5777.84 3910.07 2324.28 2035.65
0.014 145 8100.85 5945.72 5778.91 3910.07 2321.93 2035.65
0.014 150 8115.84 5945.72 5794.72 3910.07 2321.11 2035.65
0.014 155 8123.59 5945.72 5804.09 3910.07 2319.5 2035.65
0.014 160 8124.35 5945.72 5805.29 3910.08 2319.06 2035.65
0.014 165 8128.76 5945.72 5810.22 3910.08 2318.54 2035.64
0.014 170 8126.62 5945.72 5810.15 3910.08 2316.48 2035.64
0.016 0 8117.52 5945.72 5800.02 3910.08 2317.5 2035.64
0.016 5 8108.55 5945.72 5792.07 3910.09 2316.48 2035.64
0.016 10 8100.17 5945.72 5785.36 3910.09 2314.8 2035.64
0.016 15 8098.76 5945.72 5782.84 3910.09 2315.93 2035.64
0.016 20 8099.32 5945.72 5782.52 3910.09 2316.8 2035.63
0.016 25 8098.94 5945.72 5779.04 3910.08 2319.9 2035.63
0.016 30 8099.68 5945.72 5777.67 3910.08 2322.01 2035.63
0.016 35 8092.89 5945.72 5771.03 3910.08 2321.86 2035.63
0.016 40 8094.48 5945.71 5769.46 3910.08 2325.02 2035.63
0.016 45 8093.88 5945.71 5767.25 3910.08 2326.62 2035.64
0.016 50 8092.18 5945.71 5764.95 3910.07 2327.22 2035.64
0.016 55 8100.53 5945.71 5773.62 3910.07 2326.91 2035.64
0.016 60 8109.75 5945.71 5784.76 3910.07 2324.99 2035.64
0.016 65 8116.91 5945.71 5794.76 3910.06 2322.14 2035.64
0.016 70 8121.11 5945.71 5800.94 3910.06 2320.17 2035.64
0.016 75 8121.72 5945.71 5803.04 3910.06 2318.68 2035.65
0.016 80 8118.33 5945.7 5801.09 3910.06 2317.24 2035.65
0.016 85 8119.97 5945.7 5802.58 3910.05 2317.4 2035.65
0.016 90 8112.79 5945.71 5795.74 3910.05 2317.05 2035.65
0.016 95 8102.63 5945.71 5787.55 3910.05 2315.08 2035.65
0.016 100 8100.44 5945.71 5783.76 3910.05 2316.69 2035.66
0.016 105 8098.18 5945.71 5781.6 3910.05 2316.58 2035.66
0.016 110 8103.07 5945.71 5783.04 3910.05 2320.03 2035.66
0.016 115 8098.27 5945.71 5776.32 3910.05 2321.95 2035.66
0.016 120 8096.81 5945.71 5774.13 3910.05 2322.68 2035.66
0.016 125 8096.02 5945.71 5772.14 3910.06 2323.88 2035.66
0.016 130 8092.21 5945.72 5767.01 3910.06 2325.2 2035.66
0.016 135 8092.45 5945.72 5765.53 3910.06 2326.91 2035.65
0.016 140 8096.24 5945.72 5769.14 3910.07 2327.1 2035.65
0.016 145 8105.84 5945.72 5780.22 3910.07 2325.63 2035.65
0.016 150 8114.01 5945.72 5791.16 3910.07 2322.85 2035.65
0.016 155 8120.79 5945.72 5800.15 3910.08 2320.65 2035.65
0.016 160 8120.18 5945.72 5800.87 3910.08 2319.31 2035.65
0.016 165 8121.53 5945.72 5803.51 3910.08 2318.02 2035.64
0.016 170 8116.93 5945.72 5800.38 3910.08 2316.55 2035.64
0.018 0 8113.39 5945.73 5794.35 3910.09 2319.04 2035.64
0.018 5 8106 5945.72 5788 3910.09 2318 2035.64
0.018 10 8092.46 5945.72 5776.48 3910.09 2315.98 2035.64
0.018 15 8098.82 5945.72 5781.09 3910.09 2317.73 2035.63
0.018 20 8094.24 5945.72 5775.05 3910.09 2319.19 2035.63
0.018 25 8094.87 5945.72 5773.07 3910.09 2321.81 2035.63
0.018 30 8085.22 5945.72 5765.49 3910.09 2319.74 2035.63
0.018 35 8077.65 5945.72 5755.34 3910.08 2322.3 2035.63
0.018 40 8082.1 5945.71 5755.99 3910.08 2326.11 2035.63
0.018 45 8080.84 5945.71 5755.07 3910.08 2325.77 2035.63
0.018 50 8080.38 5945.71 5753.83 3910.07 2326.55 2035.64
0.018 55 8092.32 5945.71 5763.89 3910.07 2328.43 2035.64
0.018 60 8105.88 5945.71 5779.03 3910.07 2326.85 2035.64
0.018 65 8108.07 5945.71 5784.61 3910.06 2323.47 2035.64
0.018 70 8116.03 5945.7 5794.72 3910.06 2321.31 2035.64
0.018 75 8116.97 5945.7 5797.41 3910.06 2319.56 2035.65
0.018 80 8115.86 5945.7 5798.45 3910.05 2317.42 2035.65
0.018 85 8114.04 5945.7 5795.12 3910.05 2318.92 2035.65
0.018 90 8111.75 5945.7 5793.73 3910.05 2318.03 2035.65
0.018 95 8097.67 5945.7 5779.41 3910.05 2318.25 2035.66
0.018 100 8095.84 5945.71 5778.16 3910.05 2317.68 2035.66
0.018 105 8093.48 5945.71 5775.12 3910.05 2318.36 2035.66
0.018 110 8095.28 5945.71 5773.95 3910.05 2321.33 2035.66
0.018 115 8089.74 5945.71 5767.33 3910.05 2322.4 2035.66
0.018 120 8080.57 5945.71 5760.11 3910.05 2320.45 2035.66
0.018 125 8080.73 5945.71 5755.19 3910.06 2325.54 2035.66
0.018 130 8083.32 5945.72 5756.64 3910.06 2326.68 2035.66
0.018 135 8078.55 5945.72 5752.05 3910.06 2326.51 2035.66
0.018 140 8088.26 5945.72 5759.36 3910.07 2328.89 2035.65
0.018 145 8102.33 5945.72 5774.81 3910.07 2327.51 2035.65
0.018 150 8108.11 5945.72 5782.52 3910.07 2325.59 2035.65
0.018 155 8112.13 5945.72 5790.56 3910.08 2321.57 2035.65
0.018 160 8114.01 5945.73 5794.2 3910.08 2319.81 2035.65
0.018 165 8117.32 5945.73 5799.14 3910.08 2318.18 2035.64
0.018 170 8115.64 5945.73 5797.92 3910.08 2317.72 2035.64
0.02 0 8102.55 5945.73 5782.73 3910.09 2319.82 2035.64
0.02 5 8104.32 5945.73 5784.92 3910.09 2319.4 2035.64
0.02 10 8092.4 5945.73 5772.71 3910.09 2319.69 2035.63
0.02 15 8092.04 5945.72 5773.07 3910.09 2318.97 2035.63
0.02 20 8086.29 5945.72 5768.59 3910.09 2317.7 2035.63
0.02 25 8083.47 5945.72 5761.74 3910.09 2321.73 2035.63
0.02 30 8067.36 5945.72 5748.01 3910.09 2319.35 2035.63
0.02 35 8065.13 5945.72 5742.49 3910.08 2322.63 2035.63
0.02 40 8070.08 5945.71 5745 3910.08 2325.08 2035.63
0.02 45 8069.42 5945.71 5745.39 3910.08 2324.03 2035.63
0.02 50 8072.52 5945.71 5747.16 3910.07 2325.36 2035.63
0.02 55 8079.18 5945.71 5752.29 3910.07 2326.89 2035.64
0.02 60 8096.18 5945.71 5769.12 3910.07 2327.07 2035.64
0.02 65 8096.27 5945.7 5773.87 3910.06 2322.39 2035.64
0.02 70 8103.25 5945.7 5784.87 3910.06 2318.38 2035.64
0.02 75 8111.51 5945.7 5791.81 3910.05 2319.69 2035.65
0.02 80 8115.35 5945.7 5797.94 3910.05 2317.4 2035.65
0.02 85 8109.8 5945.7 5789.19 3910.05 2320.62 2035.65
0.02 90 8104.8 5945.7 5785.26 3910.05 2319.54 2035.65
0.02 95 8098.38 5945.7 5778.51 3910.05 2319.87 2035.66
0.02 100 8090.74 5945.7 5770.82 3910.05 2319.92 2035.66
0.02 105 8090.85 5945.71 5771.93 3910.05 2318.93 2035.66
0.02 110 8087.31 5945.71 5765.52 3910.05 2321.79 2035.66
0.02 115 8077.19 5945.71 5757.61 3910.05 2319.59 2035.66
0.02 120 8061.2 5945.71 5742.97 3910.05 2318.23 2035.66
0.02 125 8070.14 5945.71 5745.58 3910.05 2324.56 2035.66
0.02 130 8069.62 5945.72 5744.22 3910.06 2325.4 2035.66
0.02 135 8066.32 5945.72 5742.45 3910.06 2323.87 2035.66
0.02 140 8075 5945.72 5749.15 3910.06 2325.85 2035.66
0.02 145 8086.34 5945.72 5758.58 3910.07 2327.76 2035.65
0.02 150 8098 5945.72 5772.98 3910.07 2325.01 2035.65
0.02 155 8097.21 5945.73 5777.2 3910.08 2320.02 2035.65
0.02 160 8106.15 5945.73 5786.85 3910.08 2319.31 2035.65
0.02 165 8116.86 5945.73 5797.26 3910.08 2319.59 2035.64
0.02 170 8112.15 5945.73 5793.4 3910.09 2318.74 2035.64
0.022 0 8096.71 5945.73 5776.43 3910.09 2320.28 2035.64
0.022 5 8099.29 5945.73 5780.52 3910.09 2318.78 2035.64
0.022 10 8094.52 5945.73 5773.59 3910.09 2320.93 2035.63
0.022 15 8082.66 5945.73 5765.11 3910.09 2317.55 2035.63
0.022 20 8071.43 5945.72 5754.16 3910.09 2317.27 2035.63
0.022 25 8076.55 5945.72 5754.32 3910.09 2322.23 2035.63
0.022 30 8059.85 5945.72 5740.74 3910.09 2319.11 2035.63
0.022 35 8055.35 5945.72 5732.01 3910.09 2323.34 2035.63
0.022 40 8058.17 5945.71 5734.98 3910.08 2323.19 2035.63
0.022 45 8052.57 5945.71 5731.35 3910.08 2321.22 2035.63
0.022 50 8056.69 5945.71 5733.6 3910.07 2323.08 2035.63
0.022 55 8069.37 5945.71 5743.12 3910.07 2326.26 2035.64
0.022 60 8078.86 5945.71 5754.76 3910.07 2324.1 2035.64
0.022 65 8088.4 5945.7 5766.43 3910.06 2321.96 2035.64
0.022 70 8096.24 5945.7 5775.74 3910.06 2320.5 2035.64
0.022 75 8101.27 5945.7 5779.84 3910.05 2321.42 2035.65
0.022 80 8106.66 5945.7 5785.8 3910.05 2320.85 2035.65
0.022 85 8099.38 5945.7 5780.7 3910.05 2318.67 2035.65
0.022 90 8098.92 5945.7 5778.99 3910.05 2319.93 2035.66
0.022 95 8096.76 5945.7 5777.28 3910.04 2319.48 2035.66
0.022 100 8087.12 5945.7 5767.66 3910.04 2319.46 2035.66
0.022 105 8075.37 5945.71 5757.66 3910.04 2317.7 2035.66
0.022 110 8072.97 5945.71 5753.5 3910.05 2319.47 2035.66
0.022 115 8065.35 5945.71 5744.83 3910.05 2320.52 2035.66
0.022 120 8053.32 5945.71 5732.74 3910.05 2320.58 2035.66
0.022 125 8057.57 5945.71 5734.09 3910.05 2323.47 2035.66
0.022 130 8053.55 5945.72 5732.42 3910.06 2321.14 2035.66
0.022 135 8053.48 5945.72 5730.93 3910.06 2322.54 2035.66
0.022 140 8059.07 5945.72 5734.6 3910.07 2324.47 2035.66
0.022 145 8075.92 5945.72 5748.85 3910.07 2327.07 2035.65
0.022 150 8082.6 5945.72 5759.89 3910.07 2322.71 2035.65
0.022 155 8090.16 5945.73 5768.54 3910.08 2321.62 2035.65
0.022 160 8100.31 5945.73 5778.85 3910.08 2321.46 2035.65
0.022 165 8106.28 5945.73 5784.24 3910.08 2322.03 2035.64
0.022 170 8104.29 5945.73 5783.39 3910.09 2320.9 2035.64
0.024 0 8093.32 5945.73 5773.58 3910.09 2319.74 2035.64
0.024 5 8094.58 5945.73 5777.37 3910.09 2317.21 2035.63
0.024 10 8092.01 5945.73 5772.81 3910.09 2319.2 2035.63
0.024 15 8078.02 5945.73 5759.79 3910.09 2318.22 2035.63
0.024 20 8062.13 5945.72 5745.5 3910.09 2316.63 2035.63
0.024 25 8062.46 5945.72 5740.74 3910.09 2321.72 2035.63
0.024 30 8050.28 5945.72 5726.78 3910.09 2323.5 2035.63
0.024 35 8041.61 5945.72 5718.65 3910.09 2322.96 2035.63
0.024 40 8044.99 5945.71 5723.85 3910.08 2321.14 2035.63
0.024 45 8034.64 5945.71 5714.84 3910.08 2319.8 2035.63
0.024 50 8040.88 5945.71 5717.38 3910.08 2323.51 2035.63
0.024 55 8054.02 5945.71 5728.61 3910.07 2325.41 2035.64
0.024 60 8060.67 5945.7 5736.44 3910.07 2324.24 2035.64
0.024 65 8077.91 5945.7 5754.34 3910.06 2323.58 2035.64
0.024 70 8091.24 5945.7 5768.16 3910.06 2323.08 2035.64
0.024 75 8090.75 5945.7 5768.03 3910.05 2322.71 2035.65
0.024 80 8087.34 5945.7 5766.15 3910.05 2321.19 2035.65
0.024 85 8091.8 5945.7 5770.86 3910.05 2320.94 2035.65
0.024 90 8093.83 5945.7 5774.56 3910.04 2319.27 2035.66
0.024 95 8092.95 5945.7 5774.69 3910.04 2318.26 2035.66
0.024 100 8084.2 5945.7 5765.93 3910.04 2318.26 2035.66
0.024 105 8070.78 5945.7 5753.04 3910.04 2317.74 2035.66
0.024 110 8060.34 5945.71 5741.79 3910.04 2318.55 2035.66
0.024 115 8053.73 5945.71 5733.56 3910.05 2320.17 2035.66
0.024 120 8040.27 5945.71 5718.7 3910.05 2321.57 2035.66
0.024 125 8046.45 5945.71 5724.57 3910.05 2321.88 2035.66
0.024 130 8036.59 5945.72 5717.11 3910.05 2319.48 2035.66
0.024 135 8038.72 5945.72 5716.95 3910.06 2321.77 2035.66
0.024 140 8047.83 5945.72 5723.16 3910.06 2324.67 2035.66
0.024 145 8061.52 5945.72 5736.4 3910.07 2325.12 2035.65
0.024 150 8063.67 5945.73 5742.04 3910.07 2321.64 2035.65
0.024 155 8085.52 5945.73 5762 3910.08 2323.51 2035.65
0.024 160 8091.75 5945.73 5770.1 3910.08 2321.65 2035.65
0.024 165 8091.38 5945.73 5769.66 3910.09 2321.72 2035.64
0.024 170 8090.24 5945.73 5768.83 3910.09 2321.41 2035.64
0.026 0 8088.84 5945.73 5767.46 3910.09 2321.38 2035.64
0.026 5 8088.25 5945.73 5772.02 3910.1 2316.23 2035.63
0.026 10 8084.21 5945.73 5766.84 3910.1 2317.38 2035.63
0.026 15 8072.58 5945.73 5754.02 3910.1 2318.56 2035.63
0.026 20 8051.41 5945.72 5735.29 3910.1 2316.12 2035.63
0.026 25 8046.3 5945.72 5725.59 3910.09 2320.7 2035.63
0.026 30 8038.43 5945.72 5713.45 3910.09 2324.97 2035.63
0.026 35 8032.69 5945.72 5708.99 3910.09 2323.69 2035.63
0.026 40 8027.53 5945.71 5707.06 3910.09 2320.46 2035.63
0.026 45 8021.9 5945.71 5703.03 3910.08 2318.87 2035.63
0.026 50 8026.58 5945.71 5704.54 3910.08 2322.04 2035.63
0.026 55 8030.05 5945.71 5704.97 3910.07 2325.08 2035.63
0.026 60 8040.83 5945.7 5718.4 3910.07 2322.43 2035.64
0.026 65 8058.7 5945.7 5737.93 3910.06 2320.77 2035.64
0.026 70 8076.85 5945.7 5754.28 3910.06 2322.57 2035.64
0.026 75 8080.34 5945.7 5758.15 3910.05 2322.18 2035.65
0.026 80 8076.64 5945.7 5755.87 3910.05 2320.77 2035.65
0.026 85 8083.59 5945.7 5763.66 3910.04 2319.92 2035.65
0.026 90 8091.85 5945.7 5772.63 3910.04 2319.22 2035.66
0.026 95 8087.08 5945.7 5770.38 3910.04 2316.69 2035.66
0.026 100 8080.84 5945.7 5762.5 3910.04 2318.34 2035.66
0.026 105 8063.66 5945.7 5746.27 3910.04 2317.39 2035.66
0.026 110 8041.2 5945.7 5724.47 3910.04 2316.73 2035.66
0.026 115 8043.5 5945.71 5720.24 3910.04 2323.26 2035.66
0.026 120 8030.11 5945.71 5707.22 3910.05 2322.88 2035.66
0.026 125 8030.48 5945.71 5708.21 3910.05 2322.27 2035.66
0.026 130 8020.73 5945.72 5703.94 3910.05 2316.79 2035.66
0.026 135 8020.91 5945.72 5700.62 3910.06 2320.29 2035.66
0.026 140 8027.74 5945.72 5703.54 3910.06 2324.2 2035.66
0.026 145 8035.3 5945.72 5710.76 3910.07 2324.54 2035.66
0.026 150 8047.11 5945.73 5726.21 3910.07 2320.9 2035.65
0.026 155 8068.67 5945.73 5747.29 3910.08 2321.37 2035.65
0.026 160 8083.49 5945.73 5758.98 3910.08 2324.51 2035.65
0.026 165 8079.02 5945.73 5759.91 3910.09 2319.12 2035.64
0.026 170 8079.26 5945.73 5757.43 3910.09 2321.83 2035.64
0.028 0 8083.93 5945.73 5765.8 3910.09 2318.13 2035.64
0.028 5 8089.66 5945.73 5770.78 3910.1 2318.88 2035.63
0.028 10 8079.68 5945.73 5762.55 3910.1 2317.12 2035.63
0.028 15 8063.72 5945.73 5748.16 3910.1 2315.56 2035.63
0.028 20 8036.64 5945.73 5720.77 3910.1 2315.87 2035.63
0.028 25 8028.35 5945.72 5708.01 3910.1 2320.34 2035.63
0.028 30 8021.44 5945.72 5696.88 3910.09 2324.56 2035.63
0.028 35 8014.3 5945.72 5691.53 3910.09 2322.78 2035.63
0.028 40 8009.36 5945.71 5689.21 3910.09 2320.15 2035.63
0.028 45 8004.41 5945.71 5687.56 3910.08 2316.85 2035.63
0.028 50 8009.93 5945.71 5689.41 3910.08 2320.52 2035.63
0.028 55 8014.22 5945.7 5689.46 3910.07 2324.76 2035.63
0.028 60 8025.21 5945.7 5703.17 3910.07 2322.04 2035.64
0.028 65 8040.43 5945.7 5721.35 3910.06 2319.08 2035.64
0.028 70 8064.74 5945.7 5743.18 3910.06 2321.56 2035.64
0.028 75 8072.18 5945.7 5750.4 3910.05 2321.77 2035.65
0.028 80 8077.6 5945.7 5757.68 3910.04 2319.92 2035.65
0.028 85 8079.65 5945.7 5761.8 3910.04 2317.85 2035.65
0.028 90 8086.5 5945.7 5766.91 3910.04 2319.59 2035.66
0.028 95 8082.5 5945.7 5766.07 3910.04 2316.43 2035.66
0.028 100 8068.2 5945.7 5752.55 3910.04 2315.65 2035.66
0.028 105 8052.55 5945.7 5736.94 3910.04 2315.62 2035.66
0.028 110 8029.53 5945.7 5712.44 3910.04 2317.1 2035.67
0.028 115 8023.03 5945.71 5700.16 3910.04 2322.87 2035.67
0.028 120 8011.11 5945.71 5690.33 3910.04 2320.78 2035.67
0.028 125 8012.61 5945.71 5688.28 3910.05 2324.33 2035.66
0.028 130 8007.87 5945.72 5689.77 3910.05 2318.1 2035.66
0.028 135 8006.42 5945.72 5688.23 3910.06 2318.18 2035.66
0.028 140 8010.16 5945.72 5687.18 3910.06 2322.98 2035.66
0.028 145 8014.75 5945.73 5691.61 3910.07 2323.14 2035.66
0.028 150 8037.58 5945.73 5717.27 3910.07 2320.31 2035.65
0.028 155 8055.99 5945.73 5736.65 3910.08 2319.33 2035.65
0.028 160 8072.54 5945.73 5748.74 3910.08 2323.8 2035.65
0.028 165 8074.22 5945.73 5755.28 3910.09 2318.93 2035.64
0.028 170 8078.66 5945.73 5759.42 3910.09 2319.24 2035.64
0.03 0 8073.52 5945.73 5756.31 3910.1 2317.21 2035.64
0.03 5 8076.71 5945.73 5757.65 3910.1 2319.06 2035.63
0.03 10 8068.67 5945.73 5753.65 3910.1 2315.01 2035.63
0.03 15 8048.71 5945.73 5736.65 3910.1 2312.06 2035.63
0.03 20 8029.75 5945.73 5716.28 3910.1 2313.48 2035.63
0.03 25 8010.2 5945.72 5690.83 3910.1 2319.37 2035.62
0.03 30 8003.26 5945.72 5679.26 3910.1 2324 2035.62
0.03 35 7995.57 5945.72 5675.2 3910.09 2320.36 2035.62
0.03 40 7993.14 5945.71 5676.05 3910.09 2317.09 2035.62
0.03 45 7986.81 5945.71 5669.46 3910.08 2317.34 2035.63
0.03 50 7989.01 5945.71 5671.57 3910.08 2317.43 2035.63
0.03 55 7997.18 5945.7 5673.93 3910.07 2323.25 2035.63
0.03 60 8010.5 5945.7 5688.53 3910.07 2321.97 2035.64
0.03 65 8030.36 5945.7 5714.22 3910.06 2316.14 2035.64
0.03 70 8058.36 5945.7 5738.48 3910.05 2319.88 2035.64
0.03 75 8066.64 5945.7 5744.09 3910.05 2322.55 2035.65
0.03 80 8073.65 5945.7 5757.31 3910.04 2316.34 2035.65
0.03 85 8075.35 5945.7 5760.18 3910.04 2315.17 2035.65
0.03 90 8080.43 5945.7 5760.36 3910.04 2320.07 2035.66
0.03 95 8081.86 5945.7 5764.55 3910.04 2317.31 2035.66
0.03 100 8053.71 5945.7 5740.47 3910.03 2313.24 2035.66
0.03 105 8040.77 5945.7 5726.58 3910.04 2314.19 2035.66
0.03 110 8022.43 5945.7 5706.04 3910.04 2316.39 2035.67
0.03 115 8004.56 5945.71 5681.18 3910.04 2323.38 2035.67
0.03 120 7994.77 5945.71 5674.84 3910.04 2319.93 2035.67
0.03 125 7994.63 5945.71 5673.52 3910.05 2321.11 2035.67
0.03 130 7995.16 5945.72 5677.52 3910.05 2317.64 2035.66
0.03 135 7986.5 5945.72 5669.85 3910.06 2316.65 2035.66
0.03 140 7996.7 5945.72 5674.09 3910.06 2322.61 2035.66
0.03 145 8001.69 5945.73 5680.4 3910.07 2321.29 2035.66
0.03 150 8025.6 5945.73 5705.1 3910.07 2320.49 2035.65
0.03 155 8044.23 5945.73 5726.01 3910.08 2318.22 2035.65
0.03 160 8068.27 5945.73 5745.01 3910.09 2323.25 2035.64
0.03 165 8068.28 5945.73 5749.65 3910.09 2318.63 2035.64
0.03 170 8075.91 5945.73 5760.46 3910.09 2315.44 2035.64
0.032 0 8061.79 5945.73 5745.8 3910.1 2315.99 2035.64
0.032 5 8064.08 5945.73 5747.16 3910.1 2316.93 2035.63
0.032 10 8057.66 5945.73 5744.39 3910.1 2313.27 2035.63
0.032 15 8034.56 5945.73 5724.84 3910.1 2309.72 2035.63
0.032 20 8022.54 5945.73 5711.9 3910.1 2310.64 2035.62
0.032 25 7997.01 5945.72 5678.1 3910.1 2318.92 2035.62
0.032 30 7987.32 5945.72 5664.18 3910.1 2323.14 2035.62
0.032 35 7977.16 5945.72 5656.11 3910.09 2321.05 2035.62
0.032 40 7980.87 5945.71 5665.56 3910.09 2315.31 2035.62
0.032 45 7970.07 5945.71 5655.08 3910.08 2314.99 2035.63
0.032 50 7976.25 5945.71 5660.88 3910.08 2315.37 2035.63
0.032 55 7982.82 5945.7 5661.82 3910.07 2321 2035.63
0.032 60 7998.6 5945.7 5678.47 3910.06 2320.13 2035.63
0.032 65 8015.73 5945.7 5700.6 3910.06 2315.14 2035.64
0.032 70 8049.82 5945.7 5728.79 3910.05 2321.03 2035.64
0.032 75 8061.11 5945.69 5738.34 3910.05 2322.77 2035.65
0.032 80 8068.52 5945.69 5752.48 3910.04 2316.04 2035.65
0.032 85 8059.77 5945.69 5747.48 3910.04 2312.29 2035.66
0.032 90 8068.77 5945.69 5750.1 3910.03 2318.66 2035.66
0.032 95 8071.56 5945.7 5754.27 3910.03 2317.29 2035.66
0.032 100 8045.67 5945.7 5733.29 3910.03 2312.38 2035.67
0.032 105 8029.18 5945.7 5718.86 3910.03 2310.32 2035.67
0.032 110 8008.46 5945.7 5692.87 3910.03 2315.6 2035.67
0.032 115 7993.24 5945.71 5670.61 3910.04 2322.63 2035.67
0.032 120 7980.43 5945.71 5659.31 3910.04 2321.12 2035.67
0.032 125 7975.64 5945.71 5656.69 3910.05 2318.95 2035.67
0.032 130 7976.67 5945.72 5662.43 3910.05 2314.24 2035.67
0.032 135 7972.48 5945.72 5655.61 3910.06 2316.86 2035.66
0.032 140 7981 5945.72 5660.27 3910.06 2320.74 2035.66
0.032 145 7988.95 5945.73 5670.06 3910.07 2318.89 2035.66
0.032 150 8003.19 5945.73 5685.51 3910.07 2317.68 2035.65
0.032 155 8028.78 5945.73 5711.07 3910.08 2317.71 2035.65
0.032 160 8057.44 5945.73 5732.59 3910.08 2324.84 2035.65
0.032 165 8062.34 5945.73 5744.12 3910.09 2318.22 2035.64
0.032 170 8063.47 5945.73 5752.6 3910.09 2310.86 2035.64
0.034 0 8051.71 5945.73 5737.04 3910.1 2314.67 2035.63
0.034 5 8054.43 5945.73 5737.61 3910.1 2316.81 2035.63
0.034 10 8049.28 5945.73 5736.1 3910.1 2313.18 2035.63
0.034 15 8022.97 5945.73 5715.55 3910.1 2307.42 2035.62
0.034 20 8009.68 5945.73 5700.75 3910.1 2308.93 2035.62
0.034 25 7989.58 5945.72 5674.39 3910.1 2315.19 2035.62
0.034 30 7966.18 5945.72 5647.43 3910.1 2318.75 2035.62
0.034 35 7956.6 5945.72 5639.78 3910.09 2316.82 2035.62
0.034 40 7965.4 5945.71 5651.05 3910.09 2314.35 2035.62
0.034 45 7955.78 5945.71 5640.37 3910.08 2315.41 2035.62
0.034 50 7963.07 5945.71 5647.53 3910.08 2315.54 2035.63
0.034 55 7972.07 5945.7 5653.3 3910.07 2318.77 2035.63
0.034 60 7985.84 5945.7 5668.79 3910.06 2317.05 2035.63
0.034 65 7999.58 5945.7 5685.74 3910.06 2313.84 2035.64
0.034 70 8028.83 5945.69 5709 3910.05 2319.82 2035.64
0.034 75 8046.78 5945.69 5728.19 3910.04 2318.58 2035.65
0.034 80 8053.52 5945.69 5741.48 3910.04 2312.04 2035.65
0.034 85 8058.73 5945.69 5745.24 3910.04 2313.49 2035.66
0.034 90 8055.83 5945.69 5738.26 3910.03 2317.57 2035.66
0.034 95 8058.57 5945.69 5744.68 3910.03 2313.89 2035.66
0.034 100 8038.02 5945.7 5727.97 3910.03 2310.06 2035.67
0.034 105 8019.57 5945.7 5713.06 3910.03 2306.51 2035.67
0.034 110 7999.48 5945.7 5685.29 3910.03 2314.19 2035.67
0.034 115 7977.7 5945.71 5658.55 3910.04 2319.15 2035.67
0.034 120 7959.15 5945.71 5640.75 3910.04 2318.39 2035.67
0.034 125 7963.4 5945.71 5646.77 3910.04 2316.63 2035.67
0.034 130 7960.01 5945.72 5647.06 3910.05 2312.95 2035.67
0.034 135 7960.22 5945.72 5644.27 3910.06 2315.96 2035.66
0.034 140 7963.88 5945.72 5647.67 3910.06 2316.21 2035.66
0.034 145 7974.03 5945.73 5658.02 3910.07 2316.01 2035.66
0.034 150 7987.48 5945.73 5671.95 3910.07 2315.53 2035.65
0.034 155 8015.29 5945.73 5696.74 3910.08 2318.55 2035.65
0.034 160 8040.29 5945.73 5719.89 3910.09 2320.39 2035.65
0.034 165 8048.21 5945.73 5732.06 3910.09 2316.14 2035.64
0.034 170 8052.29 5945.73 5741.33 3910.1 2310.96 2035.64
0.036 0 8052.09 5945.74 5738.58 3910.1 2313.51 2035.63
0.036 5 8048.58 5945.73 5734.83 3910.1 2313.75 2035.63
0.036 10 8040.51 5945.73 5728.82 3910.11 2311.69 2035.63
0.036 15 8015.5 5945.73 5711.57 3910.11 2303.93 2035.62
0.036 20 7998.86 5945.73 5692.32 3910.11 2306.54 2035.62
0.036 25 7975.76 5945.72 5662.36 3910.1 2313.4 2035.62
0.036 30 7955.44 5945.72 5639.58 3910.1 2315.86 2035.62
0.036 35 7947.39 5945.72 5633.61 3910.1 2313.78 2035.62
0.036 40 7951.37 5945.71 5638.02 3910.09 2313.35 2035.62
0.036 45 7944.89 5945.71 5631.29 3910.09 2313.6 2035.62
0.036 50 7944.54 5945.71 5629.38 3910.08 2315.15 2035.63
0.036 55 7958.56 5945.7 5640.92 3910.07 2317.64 2035.63
0.036 60 7971.05 5945.7 5656.52 3910.06 2314.53 2035.63
0.036 65 7993.75 5945.7 5681.05 3910.06 2312.71 2035.64
0.036 70 8020.07 5945.69 5701.25 3910.05 2318.83 2035.64
0.036 75 8036.46 5945.69 5718.58 3910.04 2317.88 2035.65
0.036 80 8049.34 5945.69 5736.3 3910.04 2313.04 2035.65
0.036 85 8051.46 5945.69 5739.3 3910.03 2312.16 2035.66
0.036 90 8046.98 5945.69 5732.07 3910.03 2314.9 2035.66
0.036 95 8039.38 5945.69 5728.16 3910.03 2311.22 2035.66
0.036 100 8025.07 5945.7 5717.24 3910.03 2307.84 2035.67
0.036 105 8007.07 5945.7 5704.33 3910.03 2302.74 2035.67
0.036 110 7990.98 5945.7 5680.07 3910.03 2310.91 2035.67
0.036 115 7965.12 5945.7 5649.45 3910.03 2315.66 2035.67
0.036 120 7944.17 5945.71 5630.94 3910.04 2313.23 2035.67
0.036 125 7948.98 5945.71 5633.61 3910.04 2315.37 2035.67
0.036 130 7949.81 5945.72 5636.66 3910.05 2313.15 2035.67
0.036 135 7941.36 5945.72 5626.52 3910.05 2314.84 2035.66
0.036 140 7945.63 5945.72 5631.13 3910.06 2314.5 2035.66
0.036 145 7962.53 5945.73 5648.28 3910.07 2314.25 2035.66
0.036 150 7980.72 5945.73 5668.56 3910.08 2312.16 2035.65
0.036 155 8010.35 5945.73 5691.73 3910.08 2318.62 2035.65
0.036 160 8032.66 5945.73 5711.61 3910.09 2321.04 2035.65
0.036 165 8041.22 5945.74 5725.5 3910.09 2315.72 2035.64
0.036 170 8042.36 5945.74 5732.96 3910.1 2309.4 2035.64
0.038 0 8043.72 5945.74 5733.93 3910.1 2309.79 2035.63
0.038 5 8039.75 5945.74 5728.55 3910.11 2311.2 2035.63
0.038 10 8026.53 5945.73 5718.02 3910.11 2308.52 2035.63
0.038 15 8003.67 5945.73 5702.8 3910.11 2300.86 2035.62
0.038 20 7993.4 5945.73 5688.49 3910.11 2304.91 2035.62
0.038 25 7963.96 5945.73 5653.56 3910.11 2310.4 2035.62
0.038 30 7945.31 5945.72 5632.09 3910.1 2313.22 2035.62
0.038 35 7931.78 5945.72 5620.99 3910.1 2310.79 2035.62
0.038 40 7930.8 5945.71 5620.22 3910.09 2310.58 2035.62
0.038 45 7929.92 5945.71 5617.3 3910.09 2312.62 2035.62
0.038 50 7926.79 5945.7 5611.3 3910.08 2315.48 2035.62
0.038 55 7937.94 5945.7 5623.65 3910.07 2314.29 2035.63
0.038 60 7958.44 5945.7 5647.29 3910.06 2311.15 2035.63
0.038 65 7985.83 5945.69 5674.39 3910.06 2311.44 2035.64
0.038 70 8008.41 5945.69 5691.82 3910.05 2316.59 2035.64
0.038 75 8027.64 5945.69 5712.54 3910.04 2315.1 2035.65
0.038 80 8046.94 5945.69 5734.96 3910.03 2311.97 2035.65
0.038 85 8043.05 5945.69 5732.85 3910.03 2310.2 2035.66
0.038 90 8040.42 5945.69 5727.37 3910.03 2313.05 2035.66
0.038 95 8028.55 5945.69 5717.89 3910.03 2310.66 2035.66
0.038 100 8020.59 5945.69 5713.47 3910.02 2307.12 2035.67
0.038 105 7992.61 5945.7 5694.2 3910.02 2298.41 2035.67
0.038 110 7982.16 5945.7 5672.05 3910.03 2310.1 2035.67
0.038 115 7955.32 5945.7 5641.25 3910.03 2314.07 2035.67
0.038 120 7934.36 5945.71 5623.49 3910.04 2310.87 2035.67
0.038 125 7931.38 5945.71 5619.18 3910.04 2312.2 2035.67
0.038 130 7935.12 5945.72 5623.33 3910.05 2311.79 2035.67
0.038 135 7927.21 5945.72 5614.83 3910.05 2312.38 2035.67
0.038 140 7933.34 5945.72 5618.76 3910.06 2314.58 2035.66
0.038 145 7950.3 5945.73 5636.77 3910.07 2313.53 2035.66
0.038 150 7975.34 5945.73 5664.63 3910.08 2310.71 2035.65
0.038 155 8000.28 5945.73 5685.17 3910.08 2315.11 2035.65
0.038 160 8023.38 5945.73 5702.58 3910.09 2320.8 2035.65
0.038 165 8034.72 5945.74 5721.15 3910.09 2313.57 2035.64
0.038 170 8045.08 5945.74 5734.53 3910.1 2310.55 2035.64
0.04 0 8036.1 5945.74 5727.5 3910.1 2308.59 2035.63
0.04 5 8027.88 5945.74 5717.94 3910.11 2309.93 2035.63
0.04 10 8011.64 5945.73 5704.21 3910.11 2307.42 2035.62
0.04 15 7991.34 5945.73 5690.64 3910.11 2300.7 2035.62
0.04 20 7977.88 5945.73 5674.76 3910.11 2303.11 2035.62
0.04 25 7948.16 5945.73 5641.1 3910.11 2307.06 2035.62
0.04 30 7928.37 5945.72 5620.42 3910.1 2307.95 2035.62
0.04 35 7919.65 5945.72 5610.27 3910.1 2309.39 2035.62
0.04 40 7922.01 5945.71 5610.95 3910.09 2311.06 2035.62
0.04 45 7913.32 5945.71 5600.6 3910.09 2312.72 2035.62
0.04 50 7915.08 5945.7 5597.89 3910.08 2317.19 2035.62
0.04 55 7915.83 5945.7 5604.05 3910.07 2311.77 2035.63
0.04 60 7947.71 5945.7 5636.73 3910.06 2310.98 2035.63
0.04 65 7970.73 5945.69 5660.24 3910.05 2310.49 2035.64
0.04 70 7995.33 5945.69 5681.17 3910.05 2314.16 2035.64
0.04 75 8020.34 5945.69 5706.41 3910.04 2313.93 2035.65
0.04 80 8034.35 5945.69 5723.68 3910.03 2310.67 2035.65
0.04 85 8036.78 5945.69 5728.97 3910.03 2307.8 2035.66
0.04 90 8029.9 5945.69 5721.67 3910.02 2308.22 2035.66
0.04 95 8022 5945.69 5712.64 3910.02 2309.35 2035.67
0.04 100 8016.02 5945.69 5709.41 3910.02 2306.61 2035.67
0.04 105 7982.78 5945.7 5685.24 3910.02 2297.54 2035.67
0.04 110 7965.39 5945.7 5659.67 3910.02 2305.72 2035.67
0.04 115 7936.45 5945.7 5626.38 3910.03 2310.07 2035.67
0.04 120 7921.03 5945.71 5613.64 3910.03 2307.39 2035.67
0.04 125 7914.75 5945.71 5605.64 3910.04 2309.11 2035.67
0.04 130 7916.79 5945.72 5605.67 3910.05 2311.12 2035.67
0.04 135 7910.79 5945.72 5596.86 3910.05 2313.93 2035.67
0.04 140 7914.64 5945.72 5601.31 3910.06 2313.33 2035.66
0.04 145 7930.59 5945.73 5619.83 3910.07 2310.76 2035.66
0.04 150 7958.08 5945.73 5650.29 3910.07 2307.78 2035.66
0.04 155 7983.05 5945.73 5670.29 3910.08 2312.76 2035.65
0.04 160 8011.68 5945.74 5694.32 3910.09 2317.36 2035.65
0.04 165 8023.58 5945.74 5711.44 3910.09 2312.13 2035.64
0.04 170 8040.88 5945.74 5732.2 3910.1 2308.67 2035.64
0.042 0 8030.1 5945.74 5722.17 3910.11 2307.93 2035.63
0.042 5 8019.37 5945.74 5712.7 3910.11 2306.67 2035.63
0.042 10 8002.18 5945.74 5697.21 3910.11 2304.97 2035.62
0.042 15 7986.24 5945.73 5683.84 3910.11 2302.4 2035.62
0.042 20 7957.81 5945.73 5658.42 3910.11 2299.39 2035.62
0.042 25 7931.68 5945.73 5627.33 3910.11 2304.34 2035.61
0.042 30 7915.67 5945.72 5610.62 3910.11 2305.05 2035.61
0.042 35 7905.82 5945.72 5600.51 3910.1 2305.31 2035.62
0.042 40 7903.55 5945.71 5592.13 3910.1 2311.42 2035.62
0.042 45 7898.86 5945.71 5586.12 3910.09 2312.74 2035.62
0.042 50 7901.13 5945.7 5584.73 3910.08 2316.4 2035.62
0.042 55 7903.47 5945.7 5592.97 3910.07 2310.5 2035.63
0.042 60 7932.67 5945.7 5625.12 3910.06 2307.55 2035.63
0.042 65 7954.45 5945.69 5646.53 3910.05 2307.92 2035.64
0.042 70 7989.12 5945.69 5677.29 3910.05 2311.83 2035.64
0.042 75 8010.92 5945.69 5699.05 3910.04 2311.87 2035.65
0.042 80 8021.41 5945.69 5712.58 3910.03 2308.82 2035.65
0.042 85 8034.27 5945.69 5726.05 3910.03 2308.22 2035.66
0.042 90 8021.95 5945.69 5717.66 3910.02 2304.29 2035.66
0.042 95 8012.59 5945.69 5705.43 3910.02 2307.16 2035.67
0.042 100 7999.18 5945.69 5695.87 3910.02 2303.31 2035.67
0.042 105 7974.85 5945.69 5677.86 3910.02 2296.99 2035.67
0.042 110 7946.8 5945.7 5645.76 3910.02 2301.04 2035.67
0.042 115 7917.96 5945.7 5610.94 3910.03 2307.02 2035.67
0.042 120 7909.15 5945.71 5606.2 3910.03 2302.95 2035.67
0.042 125 7900.55 5945.71 5594.04 3910.04 2306.51 2035.67
0.042 130 7894.66 5945.72 5584.73 3910.05 2309.94 2035.67
0.042 135 7896.97 5945.72 5583.4 3910.05 2313.57 2035.67
0.042 140 7896.32 5945.73 5583.67 3910.06 2312.65 2035.66
0.042 145 7914.84 5945.73 5605.52 3910.07 2309.32 2035.66
0.042 150 7936.88 5945.73 5632.75 3910.08 2304.13 2035.66
0.042 155 7974.85 5945.74 5663.34 3910.08 2311.51 2035.65
0.042 160 8002.46 5945.74 5689.65 3910.09 2312.81 2035.65
0.042 165 8018.05 5945.74 5706.03 3910.1 2312.01 2035.64
0.042 170 8031.01 5945.74 5723.52 3910.1 2307.48 2035.64
0.044 0 8026.79 5945.74 5722.02 3910.11 2304.77 2035.63
0.044 5 8011.76 5945.74 5707.45 3910.11 2304.3 2035.63
0.044 10 7990.93 5945.74 5689.75 3910.11 2301.18 2035.62
0.044 15 7976.19 5945.73 5674.72 3910.11 2301.47 2035.62
0.044 20 7941.37 5945.73 5643.6 3910.11 2297.77 2035.61
0.044 25 7914.78 5945.73 5613.21 3910.11 2301.57 2035.61
0.044 30 7896.33 5945.72 5594.31 3910.11 2302.02 2035.61
0.044 35 7885.44 5945.72 5583.02 3910.1 2302.42 2035.61
0.044 40 7885.21 5945.71 5573.85 3910.1 2311.35 2035.62
0.044 45 7879.46 5945.71 5571.19 3910.09 2308.27 2035.62
0.044 50 7881.45 5945.7 5566.38 3910.08 2315.07 2035.62
0.044 55 7890.34 5945.7 5581.87 3910.07 2308.46 2035.63
0.044 60 7915.27 5945.69 5609.38 3910.06 2305.89 2035.63
0.044 65 7943.1 5945.69 5637.49 3910.05 2305.61 2035.64
0.044 70 7983 5945.69 5671.77 3910.04 2311.23 2035.64
0.044 75 7998.42 5945.69 5686.51 3910.04 2311.91 2035.65
0.044 80 8018.92 5945.69 5709.44 3910.03 2309.48 2035.65
0.044 85 8034.16 5945.69 5725.29 3910.02 2308.87 2035.66
0.044 90 8017.43 5945.69 5714.36 3910.02 2303.07 2035.66
0.044 95 8000.61 5945.69 5695.43 3910.02 2305.19 2035.67
0.044 100 7987.06 5945.69 5685.58 3910.02 2301.48 2035.67
0.044 105 7960.22 5945.69 5663.47 3910.02 2296.75 2035.67
0.044 110 7929.95 5945.7 5629.76 3910.02 2300.19 2035.68
0.044 115 7896.29 5945.7 5593.11 3910.02 2303.18 2035.68
0.044 120 7889.79 5945.71 5589.85 3910.03 2299.93 2035.67
0.044 125 7885.57 5945.71 5578.84 3910.04 2306.73 2035.67
0.044 130 7872.23 5945.72 5564.62 3910.04 2307.61 2035.67
0.044 135 7881.68 5945.72 5567.53 3910.05 2314.15 2035.67
0.044 140 7880.73 5945.72 5568.68 3910.06 2312.05 2035.66
0.044 145 7900.44 5945.73 5594.29 3910.07 2306.15 2035.66
0.044 150 7927.79 5945.73 5623.61 3910.08 2304.17 2035.66
0.044 155 7965.29 5945.74 5655.15 3910.08 2310.14 2035.65
0.044 160 7988.05 5945.74 5677.94 3910.09 2310.11 2035.65
0.044 165 8012 5945.74 5700.72 3910.1 2311.28 2035.64
0.044 170 8025.2 5945.74 5717.71 3910.1 2307.49 2035.63
0.046 0 8021.48 5945.74 5715.59 3910.11 2305.89 2035.63
0.046 5 7999.97 5945.74 5697.64 3910.11 2302.33 2035.62
0.046 10 7980.42 5945.74 5679.1 3910.11 2301.32 2035.62
0.046 15 7962.84 5945.73 5665.88 3910.12 2296.95 2035.62
0.046 20 7924.36 5945.73 5630.12 3910.12 2294.23 2035.61
0.046 25 7893.51 5945.73 5595.51 3910.11 2298 2035.61
0.046 30 7873.53 5945.72 5574.55 3910.11 2298.97 2035.61
0.046 35 7870.85 5945.72 5568.58 3910.1 2302.27 2035.61
0.046 40 7864.97 5945.71 5556.32 3910.1 2308.65 2035.61
0.046 45 7853.53 5945.71 5546.98 3910.09 2306.55 2035.62
0.046 50 7862.86 5945.7 5549.37 3910.08 2313.49 2035.62
0.046 55 7866.63 5945.7 5559.61 3910.07 2307.01 2035.62
0.046 60 7904.1 5945.69 5598.08 3910.06 2306.02 2035.63
0.046 65 7928.77 5945.69 5622.44 3910.05 2306.33 2035.64
0.046 70 7965.87 5945.69 5659.42 3910.04 2306.44 2035.64
0.046 75 7986.35 5945.69 5676.91 3910.03 2309.44 2035.65
0.046 80 8015.47 5945.68 5704.98 3910.03 2310.48 2035.65
0.046 85 8022.04 5945.68 5717.24 3910.02 2304.8 2035.66
0.046 90 8015.76 5945.68 5713.67 3910.02 2302.09 2035.66
0.046 95 7988.17 5945.69 5684.67 3910.02 2303.5 2035.67
0.046 100 7979.06 5945.69 5678.67 3910.01 2300.38 2035.67
0.046 105 7946.48 5945.69 5649.27 3910.01 2297.21 2035.68
0.046 110 7906.59 5945.7 5611.01 3910.02 2295.58 2035.68
0.046 115 7876.57 5945.7 5575.14 3910.02 2301.43 2035.68
0.046 120 7868.66 5945.71 5570.36 3910.03 2298.3 2035.68
0.046 125 7875.43 5945.71 5569.93 3910.03 2305.5 2035.68
0.046 130 7856.66 5945.72 5549.3 3910.04 2307.36 2035.67
0.046 135 7861.47 5945.72 5548.47 3910.05 2313 2035.67
0.046 140 7864.24 5945.73 5553.92 3910.06 2310.32 2035.67
0.046 145 7883.57 5945.73 5580.96 3910.07 2302.61 2035.66
0.046 150 7911.36 5945.73 5607.03 3910.08 2304.33 2035.66
0.046 155 7953.16 5945.74 5644.9 3910.08 2308.25 2035.65
0.046 160 7972.81 5945.74 5666.77 3910.09 2306.03 2035.65
0.046 165 7999.94 5945.74 5687.61 3910.1 2312.33 2035.64
0.046 170 8019.73 5945.74 5711.27 3910.1 2308.45 2035.63
0.048 0 8013.99 5945.74 5710.4 3910.11 2303.58 2035.63
0.048 5 7990.84 5945.74 5691.91 3910.11 2298.92 2035.62
0.048 10 7970.58 5945.74 5668.72 3910.12 2301.85 2035.62
0.048 15 7949.15 5945.73 5655.42 3910.12 2293.72 2035.61
0.048 20 7908.36 5945.73 5617.39 3910.12 2290.97 2035.61
0.048 25 7876.71 5945.73 5582.43 3910.11 2294.27 2035.61
0.048 30 7849.24 5945.72 5553.75 3910.11 2295.5 2035.61
0.048 35 7854.47 5945.72 5552.45 3910.11 2302.02 2035.61
0.048 40 7847.04 5945.71 5541.31 3910.1 2305.73 2035.61
0.048 45 7835.15 5945.71 5530.98 3910.09 2304.17 2035.61
0.048 50 7847.02 5945.7 5534.4 3910.08 2312.62 2035.62
0.048 55 7848.15 5945.7 5541.98 3910.07 2306.17 2035.62
0.048 60 7883.36 5945.69 5580.2 3910.06 2303.16 2035.63
0.048 65 7916.73 5945.69 5611.98 3910.05 2304.75 2035.64
0.048 70 7955.7 5945.69 5653.92 3910.04 2301.78 2035.64
0.048 75 7977.59 5945.68 5671.1 3910.03 2306.49 2035.65
0.048 80 8000.35 5945.68 5689.91 3910.02 2310.44 2035.65
0.048 85 8015.14 5945.68 5711.72 3910.02 2303.42 2035.66
0.048 90 8010.87 5945.68 5708.5 3910.01 2302.37 2035.67
0.048 95 7976.74 5945.68 5674.02 3910.01 2302.71 2035.67
0.048 100 7961.8 5945.69 5663.63 3910.01 2298.17 2035.67
0.048 105 7929.23 5945.69 5635.15 3910.01 2294.08 2035.68
0.048 110 7888.39 5945.7 5597.76 3910.02 2290.63 2035.68
0.048 115 7855.45 5945.7 5558.87 3910.02 2296.57 2035.68
0.048 120 7851.79 5945.71 5555.9 3910.03 2295.89 2035.68
0.048 125 7854.45 5945.71 5550.61 3910.03 2303.84 2035.68
0.048 130 7839.92 5945.72 5535.46 3910.04 2304.46 2035.67
0.048 135 7835.08 5945.72 5525.69 3910.05 2309.39 2035.67
0.048 140 7849.09 5945.73 5537.2 3910.06 2311.89 2035.67
0.048 145 7869.61 5945.73 5565.63 3910.07 2303.98 2035.66
0.048 150 7889.8 5945.73 5587.01 3910.08 2302.79 2035.66
0.048 155 7941.29 5945.74 5637.14 3910.08 2304.15 2035.65
0.048 160 7963.5 5945.74 5659.03 3910.09 2304.47 2035.65
0.048 165 7987.49 5945.74 5678.7 3910.1 2308.79 2035.64
0.048 170 8010.81 5945.74 5703.17 3910.11 2307.63 2035.63
0.05 0 8007.24 5945.74 5702.23 3910.11 2305.01 2035.63
0.05 5 7985.32 5945.74 5686.58 3910.12 2298.73 2035.62
0.05 10 7958.52 5945.74 5659.99 3910.12 2298.53 2035.62
0.05 15 7929.74 5945.74 5637.61 3910.12 2292.13 2035.61
0.05 20 7894.59 5945.73 5604.9 3910.12 2289.68 2035.61
0.05 25 7853.33 5945.73 5564.65 3910.12 2288.68 2035.61
0.05 30 7825.7 5945.72 5534.39 3910.11 2291.31 2035.61
0.05 35 7832.92 5945.72 5533.14 3910.11 2299.78 2035.61
0.05 40 7833.64 5945.71 5526.46 3910.1 2307.19 2035.61
0.05 45 7811.93 5945.71 5506.32 3910.09 2305.61 2035.61
0.05 50 7834.66 5945.7 5523.47 3910.08 2311.19 2035.62
0.05 55 7836.45 5945.7 5531.13 3910.07 2305.32 2035.62
0.05 60 7867.18 5945.69 5562.58 3910.06 2304.6 2035.63
0.05 65 7902.88 5945.69 5600.15 3910.05 2302.73 2035.63
0.05 70 7941.65 5945.68 5640.71 3910.04 2300.94 2035.64
0.05 75 7966.08 5945.68 5660.87 3910.03 2305.21 2035.65
0.05 80 7992.93 5945.68 5683.32 3910.02 2309.61 2035.65
0.05 85 8004.36 5945.68 5701.49 3910.02 2302.86 2035.66
0.05 90 8000.44 5945.68 5699.62 3910.01 2300.82 2035.67
0.05 95 7969.44 5945.68 5669.52 3910.01 2299.92 2035.67
0.05 100 7949.28 5945.69 5652.61 3910.01 2296.66 2035.68
0.05 105 7913.28 5945.69 5620.34 3910.01 2292.94 2035.68
0.05 110 7869.46 5945.69 5583.79 3910.01 2285.67 2035.68
0.05 115 7833.05 5945.7 5542.4 3910.02 2290.65 2035.68
0.05 120 7829.95 5945.71 5536.3 3910.02 2293.65 2035.68
0.05 125 7831.93 5945.71 5530.67 3910.03 2301.26 2035.68
0.05 130 7814.07 5945.72 5509.71 3910.04 2304.36 2035.67
0.05 135 7812.51 5945.72 5505.75 3910.05 2306.76 2035.67
0.05 140 7829.27 5945.73 5517.02 3910.06 2312.25 2035.67
0.05 145 7852.75 5945.73 5547.73 3910.07 2305.02 2035.66
0.05 150 7873.81 5945.74 5572.21 3910.08 2301.6 2035.66
0.05 155 7930.34 5945.74 5628.1 3910.08 2302.24 2035.65
0.05 160 7957.92 5945.74 5655.46 3910.09 2302.46 2035.64
0.05 165 7981.52 5945.74 5673.7 3910.1 2307.82 2035.64
0.05 170 8001.13 5945.74 5695.13 3910.11 2306 2035.63
0.052 0 7993.38 5945.74 5688.28 3910.11 2305.09 2035.63
0.052 5 7980.16 5945.74 5678.87 3910.12 2301.28 2035.62
0.052 10 7949.76 5945.74 5655.16 3910.12 2294.59 2035.62
0.052 15 7914.79 5945.74 5625.27 3910.12 2289.51 2035.61
0.052 20 7879.52 5945.73 5590.64 3910.12 2288.88 2035.61
0.052 25 7836.64 5945.73 5549.41 3910.12 2287.23 2035.61
0.052 30 7805.22 5945.72 5516.92 3910.11 2288.3 2035.61
0.052 35 7809 5945.72 5511.51 3910.11 2297.49 2035.61
0.052 40 7815.99 5945.71 5510.71 3910.1 2305.28 2035.61
0.052 45 7797.87 5945.71 5492.44 3910.09 2305.43 2035.61
0.052 50 7816.15 5945.7 5508.25 3910.08 2307.9 2035.62
0.052 55 7820.99 5945.69 5515.6 3910.07 2305.39 2035.62
0.052 60 7853.18 5945.69 5548.8 3910.06 2304.38 2035.63
0.052 65 7886.14 5945.69 5583.74 3910.05 2302.4 2035.63
0.052 70 7925.95 5945.68 5628.26 3910.04 2297.68 2035.64
0.052 75 7949.81 5945.68 5647.43 3910.03 2302.38 2035.65
0.052 80 7987.76 5945.68 5679.7 3910.02 2308.06 2035.65
0.052 85 7991.71 5945.68 5689.11 3910.01 2302.59 2035.66
0.052 90 7991.52 5945.68 5689.71 3910.01 2301.8 2035.67
0.052 95 7962.39 5945.68 5667.16 3910.01 2295.23 2035.67
0.052 100 7940.6 5945.69 5644.04 3910.01 2296.56 2035.68
0.052 105 7897.29 5945.69 5604.54 3910.01 2292.74 2035.68
0.052 110 7852.04 5945.69 5566.33 3910.01 2285.71 2035.68
0.052 115 7817.9 5945.7 5528.9 3910.02 2289 2035.68
0.052 120 7808.21 5945.7 5515.42 3910.02 2292.79 2035.68
0.052 125 7806.61 5945.71 5507.68 3910.03 2298.93 2035.68
0.052 130 7802.4 5945.72 5497.42 3910.04 2304.98 2035.68
0.052 135 7794.04 5945.72 5489.18 3910.05 2304.86 2035.67
0.052 140 7812.83 5945.73 5504.23 3910.06 2308.6 2035.67
0.052 145 7834.65 5945.73 5527.02 3910.07 2307.63 2035.66
0.052 150 7866.78 5945.74 5566.24 3910.08 2300.54 2035.66
0.052 155 7910.77 5945.74 5612.42 3910.09 2298.34 2035.65
0.052 160 7938.62 5945.74 5639.16 3910.09 2299.45 2035.65
0.052 165 7968.65 5945.74 5662.88 3910.1 2305.77 2035.64
0.052 170 7990.95 5945.74 5685.69 3910.11 2305.26 2035.63
0.054 0 7983.85 5945.74 5680.07 3910.11 2303.78 2035.63
0.054 5 7970.66 5945.74 5671.23 3910.12 2299.43 2035.62
0.054 10 7947.68 5945.74 5654.36 3910.12 2293.32 2035.61
0.054 15 7899.01 5945.74 5611.11 3910.12 2287.89 2035.61
0.054 20 7865.59 5945.73 5576.7 3910.12 2288.88 2035.61
0.054 25 7823.29 5945.73 5538.27 3910.12 2285.02 2035.61
0.054 30 7790.21 5945.72 5502.4 3910.12 2287.8 2035.6
0.054 35 7786.19 5945.72 5490.98 3910.11 2295.2 2035.61
0.054 40 7788.64 5945.71 5488.55 3910.1 2300.09 2035.61
0.054 45 7780.36 5945.71 5476.71 3910.09 2303.65 2035.61
0.054 50 7794.24 5945.7 5489.31 3910.08 2304.93 2035.62
0.054 55 7800.91 5945.69 5497.53 3910.07 2303.38 2035.62
0.054 60 7834.15 5945.69 5529.27 3910.06 2304.87 2035.63
0.054 65 7868.7 5945.68 5568.39 3910.05 2300.3 2035.63
0.054 70 7912.68 5945.68 5614.77 3910.04 2297.91 2035.64
0.054 75 7940.75 5945.68 5641.99 3910.03 2298.76 2035.65
0.054 80 7980.46 5945.68 5674.37 3910.02 2306.09 2035.66
0.054 85 7982.69 5945.68 5678.97 3910.01 2303.71 2035.66
0.054 90 7989.2 5945.68 5686.43 3910.01 2302.77 2035.67
0.054 95 7958.55 5945.68 5663.4 3910 2295.15 2035.67
0.054 100 7929.55 5945.68 5635.65 3910 2293.89 2035.68
0.054 105 7881.91 5945.69 5592.84 3910.01 2289.07 2035.68
0.054 110 7842.36 5945.69 5553.71 3910.01 2288.64 2035.68
0.054 115 7797.96 5945.7 5513.84 3910.01 2284.12 2035.68
0.054 120 7791.86 5945.7 5498.87 3910.02 2292.99 2035.68
0.054 125 7782.33 5945.71 5483.82 3910.03 2298.51 2035.68
0.054 130 7782 5945.72 5476.87 3910.04 2305.13 2035.68
0.054 135 7781.03 5945.72 5478.75 3910.05 2302.28 2035.67
0.054 140 7800.62 5945.73 5495.13 3910.06 2305.5 2035.67
0.054 145 7814.53 5945.73 5506.84 3910.07 2307.69 2035.66
0.054 150 7854.68 5945.74 5552.07 3910.08 2302.6 2035.66
0.054 155 7893.62 5945.74 5597.59 3910.09 2296.02 2035.65
0.054 160 7929.04 5945.74 5631.28 3910.09 2297.75 2035.64
0.054 165 7962.07 5945.74 5657.6 3910.1 2304.47 2035.64
0.054 170 7983.43 5945.74 5677.93 3910.11 2305.5 2035.63
0.056 0 7979.17 5945.74 5676.16 3910.12 2303.01 2035.63
0.056 5 7963.91 5945.74 5666.44 3910.12 2297.46 2035.62
0.056 10 7938.49 5945.74 5645.4 3910.12 2293.08 2035.61
0.056 15 7886.01 5945.74 5599.99 3910.12 2286.02 2035.61
0.056 20 7849.41 5945.73 5562.94 3910.12 2286.47 2035.61
0.056 25 7805.97 5945.73 5522.61 3910.12 2283.36 2035.6
0.056 30 7775.8 5945.72 5489.47 3910.12 2286.32 2035.6
0.056 35 7759.14 5945.72 5465.4 3910.11 2293.73 2035.6
0.056 40 7765.78 5945.71 5465.87 3910.1 2299.9 2035.61
0.056 45 7754.6 5945.7 5455.08 3910.09 2299.52 2035.61
0.056 50 7776.29 5945.7 5473.14 3910.08 2303.15 2035.61
0.056 55 7786.55 5945.69 5483.66 3910.07 2302.88 2035.62
0.056 60 7812.05 5945.69 5506.87 3910.06 2305.17 2035.63
0.056 65 7853.74 5945.68 5552.95 3910.05 2300.79 2035.63
0.056 70 7902.18 5945.68 5607.9 3910.04 2294.27 2035.64
0.056 75 7930.34 5945.68 5633.84 3910.03 2296.49 2035.65
0.056 80 7970.13 5945.68 5665.72 3910.02 2304.4 2035.65
0.056 85 7974.52 5945.68 5672.21 3910.01 2302.31 2035.66
0.056 90 7982.2 5945.68 5680.29 3910 2301.91 2035.67
0.056 95 7949.16 5945.68 5654.8 3910 2294.35 2035.67
0.056 100 7914.72 5945.68 5623.78 3910 2290.93 2035.68
0.056 105 7872.57 5945.69 5586.34 3910 2286.23 2035.68
0.056 110 7829.63 5945.69 5542.34 3910.01 2287.29 2035.68
0.056 115 7783.8 5945.7 5501.5 3910.01 2282.3 2035.68
0.056 120 7772.89 5945.7 5481.79 3910.02 2291.1 2035.68
0.056 125 7753.61 5945.71 5459.61 3910.03 2294 2035.68
0.056 130 7764.26 5945.72 5461.17 3910.04 2303.09 2035.68
0.056 135 7763.91 5945.72 5464.49 3910.05 2299.42 2035.67
0.056 140 7780.16 5945.73 5476.1 3910.06 2304.06 2035.67
0.056 145 7791.75 5945.73 5487.09 3910.07 2304.66 2035.66
0.056 150 7836.56 5945.74 5535.07 3910.08 2301.49 2035.66
0.056 155 7877.5 5945.74 5582.24 3910.09 2295.25 2035.65
0.056 160 7923.79 5945.74 5629 3910.09 2294.79 2035.65
0.056 165 7954.1 5945.75 5654.31 3910.1 2299.79 2035.64
0.056 170 7973.2 5945.75 5669.36 3910.11 2303.83 2035.63
0.058 0 7976.16 5945.75 5674.74 3910.12 2301.42 2035.63
0.058 5 7959.01 5945.74 5661.64 3910.12 2297.36 2035.62
0.058 10 7923.07 5945.74 5632.61 3910.13 2290.46 2035.61
0.058 15 7875.99 5945.74 5591.59 3910.13 2284.4 2035.61
0.058 20 7837.11 5945.73 5552.36 3910.13 2284.74 2035.61
0.058 25 7790.39 5945.73 5506.94 3910.12 2283.45 2035.6
0.058 30 7754.82 5945.72 5469.97 3910.12 2284.84 2035.6
0.058 35 7742.02 5945.72 5450.15 3910.11 2291.87 2035.6
0.058 40 7742.46 5945.71 5446.51 3910.1 2295.95 2035.6
0.058 45 7734.53 5945.7 5439.44 3910.09 2295.08 2035.61
0.058 50 7756.49 5945.7 5456.68 3910.08 2299.8 2035.61
0.058 55 7770.38 5945.69 5469.64 3910.07 2300.73 2035.62
0.058 60 7790.47 5945.69 5489.5 3910.06 2300.97 2035.62
0.058 65 7836.33 5945.68 5538.47 3910.05 2297.85 2035.63
0.058 70 7885.01 5945.68 5594.45 3910.03 2290.56 2035.64
0.058 75 7922.05 5945.68 5625.73 3910.02 2296.32 2035.65
0.058 80 7959.62 5945.67 5659.56 3910.01 2300.06 2035.66
0.058 85 7964.86 5945.67 5663.47 3910.01 2301.38 2035.66
0.058 90 7974.38 5945.68 5674.95 3910 2299.42 2035.67
0.058 95 7939.24 5945.68 5647.7 3910 2291.54 2035.68
0.058 100 7902.58 5945.68 5612.54 3910 2290.04 2035.68
0.058 105 7863.57 5945.69 5578.84 3910 2284.72 2035.68
0.058 110 7815.66 5945.69 5529.46 3910 2286.2 2035.68
0.058 115 7763.21 5945.7 5483.89 3910.01 2279.32 2035.68
0.058 120 7752.75 5945.7 5465.08 3910.02 2287.67 2035.68
0.058 125 7730.06 5945.71 5438.06 3910.03 2292 2035.68
0.058 130 7740.74 5945.72 5442.14 3910.03 2298.6 2035.68
0.058 135 7742.21 5945.72 5444.29 3910.05 2297.91 2035.67
0.058 140 7761.96 5945.73 5461.45 3910.06 2300.51 2035.67
0.058 145 7775.59 5945.73 5472.28 3910.07 2303.3 2035.66
0.058 150 7815.43 5945.74 5515.87 3910.08 2299.55 2035.66
0.058 155 7861.18 5945.74 5568.39 3910.09 2292.78 2035.65
0.058 160 7915.7 5945.74 5620.44 3910.1 2295.25 2035.64
0.058 165 7941.37 5945.75 5644.49 3910.1 2296.87 2035.64
0.058 170 7957.49 5945.75 5658.1 3910.11 2299.38 2035.63
0.06 0 7967.19 5945.75 5668.99 3910.12 2298.19 2035.62
0.06 5 7950.51 5945.75 5655.87 3910.12 2294.64 2035.62
0.06 10 7908.84 5945.74 5618.85 3910.13 2289.99 2035.61
0.06 15 7864.41 5945.74 5579.88 3910.13 2284.52 2035.61
0.06 20 7831.63 5945.73 5547.69 3910.13 2283.94 2035.6
0.06 25 7769.94 5945.73 5488.32 3910.13 2281.62 2035.6
0.06 30 7737.09 5945.72 5454.55 3910.12 2282.53 2035.6
0.06 35 7718.72 5945.72 5430.41 3910.11 2288.31 2035.6
0.06 40 7717.22 5945.71 5422.51 3910.11 2294.7 2035.6
0.06 45 7714.22 5945.7 5421.53 3910.1 2292.69 2035.61
0.06 50 7735.45 5945.7 5437.43 3910.08 2298.02 2035.61
0.06 55 7745.77 5945.69 5448.71 3910.07 2297.06 2035.62
0.06 60 7772.03 5945.69 5473.43 3910.06 2298.6 2035.63
0.06 65 7820.92 5945.68 5529.64 3910.04 2291.28 2035.63
0.06 70 7873.7 5945.68 5584.96 3910.03 2288.74 2035.64
0.06 75 7907.22 5945.67 5613.08 3910.02 2294.14 2035.65
0.06 80 7949.2 5945.67 5648.65 3910.01 2300.55 2035.66
0.06 85 7958.45 5945.67 5658.88 3910 2299.57 2035.66
0.06 90 7967.21 5945.67 5670.86 3910 2296.35 2035.67
0.06 95 7928.01 5945.68 5637.8 3910 2290.21 2035.68
0.06 100 7893.97 5945.68 5605.88 3910 2288.08 2035.68
0.06 105 7843.16 5945.68 5559.15 3910 2284.01 2035.68
0.06 110 7799.63 5945.69 5515.82 3910 2283.81 2035.69
0.06 115 7743.42 5945.7 5463.42 3910.01 2279.99 2035.69
0.06 120 7734.53 5945.7 5448.6 3910.02 2285.92 2035.68
0.06 125 7704.2 5945.71 5418.17 3910.02 2286.04 2035.68
0.06 130 7709.58 5945.72 5416.73 3910.03 2292.84 2035.68
0.06 135 7723.57 5945.72 5425.81 3910.04 2297.76 2035.68
0.06 140 7749.36 5945.73 5450.72 3910.06 2298.63 2035.67
0.06 145 7757.23 5945.73 5458.25 3910.07 2298.98 2035.66
0.06 150 7798.99 5945.74 5504.62 3910.08 2294.36 2035.66
0.06 155 7845.59 5945.74 5556.32 3910.09 2289.27 2035.65
0.06 160 7898.44 5945.75 5605.17 3910.1 2293.27 2035.65
0.06 165 7930.65 5945.75 5633.1 3910.11 2297.54 2035.64
0.06 170 7946.14 5945.75 5649.07 3910.11 2297.06 2035.63
0.062 0 7957.02 5945.75 5664.02 3910.12 2293 2035.62
0.062 5 7942.94 5945.75 5650.3 3910.12 2292.63 2035.62
0.062 10 7896.62 5945.74 5606.32 3910.13 2290.29 2035.61
0.062 15 7855.79 5945.74 5571.74 3910.13 2284.04 2035.61
0.062 20 7813.69 5945.73 5533.29 3910.13 2280.4 2035.6
0.062 25 7744.12 5945.73 5464.89 3910.13 2279.22 2035.6
0.062 30 7717.81 5945.72 5437.76 3910.12 2280.05 2035.6
0.062 35 7695.89 5945.72 5409.9 3910.12 2285.98 2035.6
0.062 40 7685.82 5945.71 5398.91 3910.11 2286.91 2035.6
0.062 45 7694.82 5945.7 5404.09 3910.1 2290.73 2035.6
0.062 50 7713.87 5945.7 5419.72 3910.08 2294.15 2035.61
0.062 55 7726.18 5945.69 5431.69 3910.07 2294.48 2035.62
0.062 60 7757.25 5945.68 5460.96 3910.06 2296.29 2035.62
0.062 65 7803 5945.68 5516.35 3910.05 2286.65 2035.63
0.062 70 7861.49 5945.68 5574.47 3910.03 2287.02 2035.64
0.062 75 7894.5 5945.67 5601.27 3910.02 2293.22 2035.65
0.062 80 7933.48 5945.67 5635.55 3910.01 2297.92 2035.66
0.062 85 7952.08 5945.67 5657.71 3910 2294.37 2035.66
0.062 90 7959.38 5945.67 5665.98 3910 2293.4 2035.67
0.062 95 7926.16 5945.68 5633.39 3909.99 2292.77 2035.68
0.062 100 7876.29 5945.68 5589.94 3909.99 2286.34 2035.68
0.062 105 7821.08 5945.68 5538.13 3910 2282.94 2035.68
0.062 110 7783.09 5945.69 5503.74 3910 2279.35 2035.69
0.062 115 7724.88 5945.7 5447.35 3910 2277.52 2035.69
0.062 120 7711.09 5945.7 5425.09 3910.01 2286 2035.69
0.062 125 7678.85 5945.71 5393.55 3910.02 2285.3 2035.68
0.062 130 7683.6 5945.72 5394.13 3910.03 2289.46 2035.68
0.062 135 7701.02 5945.72 5406.27 3910.04 2294.75 2035.68
0.062 140 7727.06 5945.73 5432.86 3910.05 2294.2 2035.67
0.062 145 7733.48 5945.73 5439.13 3910.07 2294.34 2035.67
0.062 150 7783.25 5945.74 5490.66 3910.08 2292.59 2035.66
0.062 155 7828.89 5945.74 5544.4 3910.09 2284.49 2035.65
0.062 160 7875.61 5945.75 5583.76 3910.1 2291.85 2035.64
0.062 165 7923.15 5945.75 5625.15 3910.11 2297.99 2035.64
0.062 170 7939.85 5945.75 5643.61 3910.11 2296.23 2035.63
0.064 0 7947.16 5945.75 5659.66 3910.12 2287.49 2035.62
0.064 5 7935.14 5945.75 5643.85 3910.13 2291.28 2035.62
0.064 10 7881.6 5945.74 5592.94 3910.13 2288.65 2035.61
0.064 15 7837.38 5945.74 5554.69 3910.13 2282.68 2035.61
0.064 20 7791.54 5945.73 5514.24 3910.13 2277.3 2035.6
0.064 25 7728.63 5945.73 5451.99 3910.13 2276.64 2035.6
0.064 30 7694.18 5945.72 5418.35 3910.12 2275.83 2035.6
0.064 35 7678.1 5945.72 5394.79 3910.12 2283.31 2035.6
0.064 40 7657.42 5945.71 5374.53 3910.11 2282.89 2035.6
0.064 45 7672.58 5945.7 5383.83 3910.1 2288.74 2035.6
0.064 50 7688.55 5945.7 5399.55 3910.08 2288.99 2035.61
0.064 55 7711.03 5945.69 5419.14 3910.07 2291.89 2035.61
0.064 60 7738.31 5945.68 5445.08 3910.06 2293.23 2035.62
0.064 65 7785.65 5945.68 5501.95 3910.04 2283.69 2035.63
0.064 70 7845.3 5945.67 5557.81 3910.03 2287.49 2035.64
0.064 75 7886.75 5945.67 5591.33 3910.02 2295.41 2035.65
0.064 80 7917.54 5945.67 5622.29 3910.01 2295.25 2035.66
0.064 85 7946.93 5945.67 5655.9 3910 2291.03 2035.67
0.064 90 7952.04 5945.67 5659.7 3909.99 2292.33 2035.67
0.064 95 7919.67 5945.67 5628.49 3909.99 2291.17 2035.68
0.064 100 7855.99 5945.68 5570.85 3909.99 2285.14 2035.68
0.064 105 7811.67 5945.68 5529.49 3909.99 2282.17 2035.69
0.064 110 7762.35 5945.69 5485.8 3910 2276.55 2035.69
0.064 115 7699.34 5945.69 5425.91 3910 2273.42 2035.69
0.064 120 7688.43 5945.7 5406.48 3910.01 2281.94 2035.69
0.064 125 7660.87 5945.71 5376.2 3910.02 2284.67 2035.69
0.064 130 7661.94 5945.72 5376.91 3910.03 2285.03 2035.68
0.064 135 7678.61 5945.72 5389.41 3910.04 2289.2 2035.68
0.064 140 7700.25 5945.73 5409.41 3910.05 2290.84 2035.67
0.064 145 7718.5 5945.73 5424.86 3910.07 2293.64 2035.67
0.064 150 7760.54 5945.74 5471.34 3910.08 2289.19 2035.66
0.064 155 7807.64 5945.74 5525.04 3910.09 2282.59 2035.65
0.064 160 7863.01 5945.75 5573.88 3910.1 2289.12 2035.64
0.064 165 7917.81 5945.75 5619.82 3910.11 2297.99 2035.64
0.064 170 7931.15 5945.75 5637.13 3910.11 2294.01 2035.63
0.066 0 7940.99 5945.75 5653.27 3910.12 2287.71 2035.62
0.066 5 7927.11 5945.75 5636.51 3910.13 2290.59 2035.62
0.066 10 7867.07 5945.74 5582.28 3910.13 2284.78 2035.61
0.066 15 7814.93 5945.74 5534.64 3910.13 2280.29 2035.6
0.066 20 7770.23 5945.74 5494.76 3910.13 2275.47 2035.6
0.066 25 7711.7 5945.73 5437.86 3910.13 2273.84 2035.6
0.066 30 7680.79 5945.72 5405.79 3910.13 2274.99 2035.59
0.066 35 7654.24 5945.72 5373.4 3910.12 2280.83 2035.6
0.066 40 7629.68 5945.71 5348.54 3910.11 2281.14 2035.6
0.066 45 7648.9 5945.7 5362.7 3910.1 2286.2 2035.6
0.066 50 7674.22 5945.69 5386.44 3910.08 2287.78 2035.61
0.066 55 7689.97 5945.69 5401.65 3910.07 2288.31 2035.61
0.066 60 7718.67 5945.68 5428.4 3910.06 2290.26 2035.62
0.066 65 7772.21 5945.68 5487.81 3910.04 2284.39 2035.63
0.066 70 7824.64 5945.67 5541.15 3910.03 2283.49 2035.64
0.066 75 7871.02 5945.67 5578.07 3910.02 2292.95 2035.65
0.066 80 7904.25 5945.67 5610.26 3910.01 2293.98 2035.66
0.066 85 7934.25 5945.67 5646.5 3910 2287.74 2035.67
0.066 90 7936.44 5945.67 5645.98 3909.99 2290.45 2035.67
0.066 95 7904.25 5945.67 5617.22 3909.99 2287.02 2035.68
0.066 100 7840.76 5945.68 5558.44 3909.99 2282.32 2035.68
0.066 105 7797.66 5945.68 5516.74 3909.99 2280.91 2035.69
0.066 110 7744.73 5945.69 5470.87 3909.99 2273.86 2035.69
0.066 115 7674.05 5945.69 5404.16 3910 2269.88 2035.69
0.066 120 7667.99 5945.7 5386 3910.01 2281.99 2035.69
0.066 125 7638.4 5945.71 5355.46 3910.02 2282.93 2035.69
0.066 130 7634.04 5945.72 5352.06 3910.03 2281.98 2035.68
0.066 135 7658.87 5945.72 5374.03 3910.04 2284.84 2035.68
0.066 140 7682.51 5945.73 5394.22 3910.05 2288.29 2035.67
0.066 145 7707.63 5945.74 5416.54 3910.07 2291.08 2035.67
0.066 150 7737.27 5945.74 5450.1 3910.08 2287.17 2035.66
0.066 155 7790.36 5945.74 5510.61 3910.09 2279.74 2035.65
0.066 160 7846.31 5945.75 5561.4 3910.1 2284.91 2035.65
0.066 165 7902.54 5945.75 5606.98 3910.11 2295.56 2035.64
0.066 170 7923.11 5945.75 5630.05 3910.12 2293.05 2035.63
0.068 0 7930.59 5945.75 5644.18 3910.12 2286.41 2035.62
0.068 5 7918.57 5945.75 5630.67 3910.13 2287.89 2035.61
0.068 10 7852.97 5945.75 5570.09 3910.13 2282.87 2035.61
0.068 15 7796.4 5945.74 5520.91 3910.13 2275.48 2035.6
0.068 20 7746.25 5945.74 5474.4 3910.13 2271.85 2035.6
0.068 25 7689.96 5945.73 5419.4 3910.13 2270.55 2035.6
0.068 30 7662.65 5945.72 5390.07 3910.13 2272.58 2035.59
0.068 35 7632.68 5945.72 5353.05 3910.12 2279.62 2035.59
0.068 40 7605 5945.71 5327.59 3910.11 2277.41 2035.6
0.068 45 7620.46 5945.7 5338.59 3910.1 2281.87 2035.6
0.068 50 7662.96 5945.69 5376.9 3910.08 2286.06 2035.61
0.068 55 7669.91 5945.69 5385.5 3910.07 2284.4 2035.61
0.068 60 7698.39 5945.68 5412.68 3910.06 2285.71 2035.62
0.068 65 7755.61 5945.68 5474.73 3910.04 2280.88 2035.63
0.068 70 7811.48 5945.67 5530 3910.03 2281.48 2035.64
0.068 75 7858.63 5945.67 5568.22 3910.01 2290.41 2035.65
0.068 80 7892.69 5945.67 5600.13 3910 2292.55 2035.66
0.068 85 7920.24 5945.67 5633.59 3910 2286.65 2035.67
0.068 90 7923.35 5945.67 5636.5 3909.99 2286.84 2035.67
0.068 95 7889.38 5945.67 5604.84 3909.99 2284.54 2035.68
0.068 100 7828.36 5945.67 5548.2 3909.98 2280.14 2035.69
0.068 105 7780.72 5945.68 5502.32 3909.99 2278.39 2035.69
0.068 110 7728.69 5945.69 5456.61 3909.99 2272.07 2035.69
0.068 115 7659.14 5945.69 5392.54 3910 2266.6 2035.69
0.068 120 7646.98 5945.7 5368.32 3910.01 2278.66 2035.69
0.068 125 7613.49 5945.71 5333.34 3910.02 2280.15 2035.69
0.068 130 7611.77 5945.72 5331.76 3910.03 2280 2035.68
0.068 135 7633.41 5945.72 5351.03 3910.04 2282.38 2035.68
0.068 140 7664.26 5945.73 5376.9 3910.05 2287.36 2035.67
0.068 145 7692.6 5945.74 5403.43 3910.06 2289.17 2035.67
0.068 150 7722.62 5945.74 5436.49 3910.08 2286.13 2035.66
0.068 155 7773.31 5945.75 5497.75 3910.09 2275.55 2035.65
0.068 160 7837.52 5945.75 5554.7 3910.1 2282.82 2035.65
0.068 165 7891.56 5945.75 5594.83 3910.11 2296.72 2035.64
0.068 170 7908.74 5945.75 5618.47 3910.12 2290.26 2035.63
0.07 0 7917.47 5945.75 5633.4 3910.12 2284.06 2035.62
0.07 5 7903.58 5945.75 5617.57 3910.13 2286.01 2035.61
0.07 10 7838.04 5945.75 5557.11 3910.13 2280.93 2035.61
0.07 15 7785.99 5945.74 5513.17 3910.14 2272.81 2035.6
0.07 20 7723.2 5945.74 5453.44 3910.13 2269.74 2035.6
0.07 25 7671.7 5945.73 5405.63 3910.13 2266.06 2035.59
0.07 30 7639.52 5945.72 5373.04 3910.13 2266.48 2035.59
0.07 35 7612.09 5945.72 5332.61 3910.12 2279.47 2035.59
0.07 40 7583.38 5945.71 5308.88 3910.11 2274.5 2035.59
0.07 45 7598 5945.7 5321.14 3910.1 2276.85 2035.6
0.07 50 7646.01 5945.69 5358.42 3910.09 2287.59 2035.6
0.07 55 7654.81 5945.69 5369.52 3910.07 2285.29 2035.61
0.07 60 7683.62 5945.68 5401.06 3910.06 2282.56 2035.62
0.07 65 7741.19 5945.67 5463 3910.04 2278.18 2035.63
0.07 70 7791.98 5945.67 5514.14 3910.03 2277.82 2035.64
0.07 75 7850.7 5945.67 5561.99 3910.01 2288.7 2035.65
0.07 80 7882.06 5945.66 5586.35 3910 2295.7 2035.66
0.07 85 7908.63 5945.67 5627.31 3909.99 2281.31 2035.67
0.07 90 7914.74 5945.67 5628.1 3909.99 2286.63 2035.68
0.07 95 7873.82 5945.67 5591.35 3909.98 2282.46 2035.68
0.07 100 7817.4 5945.67 5540.11 3909.98 2277.28 2035.69
0.07 105 7760.95 5945.68 5486.85 3909.98 2274.09 2035.69
0.07 110 7710.46 5945.68 5440.4 3909.99 2270.06 2035.69
0.07 115 7641.92 5945.69 5380.65 3910 2261.27 2035.69
0.07 120 7627.74 5945.7 5353.2 3910.01 2274.54 2035.69
0.07 125 7594.45 5945.71 5317.7 3910.02 2276.74 2035.69
0.07 130 7587.62 5945.71 5310.68 3910.03 2276.94 2035.69
0.07 135 7609.1 5945.72 5327.43 3910.04 2281.67 2035.68
0.07 140 7640.83 5945.73 5356.78 3910.05 2284.04 2035.67
0.07 145 7676 5945.74 5388.72 3910.07 2287.28 2035.67
0.07 150 7704.94 5945.74 5422.17 3910.08 2282.77 2035.66
0.07 155 7758.12 5945.75 5483.99 3910.09 2274.12 2035.65
0.07 160 7821.55 5945.75 5541.65 3910.1 2279.9 2035.65
0.07 165 7879.5 5945.75 5583.29 3910.11 2296.2 2035.64
0.07 170 7896.56 5945.75 5606.89 3910.12 2289.66 2035.63
0.072 0 7901.36 5945.75 5623.39 3910.13 2277.95 2035.62
0.072 5 7883.97 5945.75 5602.02 3910.13 2281.94 2035.61
0.072 10 7824.82 5945.75 5547.66 3910.14 2277.15 2035.61
0.072 15 7779.3 5945.74 5506.28 3910.14 2273.01 2035.6
0.072 20 7710.78 5945.74 5443.13 3910.14 2267.64 2035.59
0.072 25 7656.75 5945.73 5391.72 3910.13 2265.02 2035.59
0.072 30 7626.38 5945.72 5361.16 3910.13 2265.21 2035.59
0.072 35 7589.23 5945.72 5312.37 3910.12 2276.86 2035.59
0.072 40 7560.1 5945.71 5288.58 3910.11 2271.52 2035.59
0.072 45 7573.54 5945.7 5299.52 3910.1 2274.02 2035.6
0.072 50 7618.93 5945.69 5332.21 3910.09 2286.72 2035.6
0.072 55 7634.68 5945.69 5350.36 3910.07 2284.31 2035.61
0.072 60 7665.67 5945.68 5385.52 3910.05 2280.15 2035.62
0.072 65 7718.21 5945.67 5443.45 3910.04 2274.75 2035.63
0.072 70 7776.04 5945.67 5500.19 3910.02 2275.85 2035.64
0.072 75 7841.33 5945.67 5550.12 3910.01 2291.2 2035.65
0.072 80 7873.22 5945.66 5578.73 3910 2294.48 2035.66
0.072 85 7892.15 5945.66 5611.98 3909.99 2280.16 2035.67
0.072 90 7898.97 5945.66 5613.9 3909.98 2285.06 2035.68
0.072 95 7859.71 5945.67 5580 3909.98 2279.7 2035.68
0.072 100 7799.75 5945.67 5527.1 3909.98 2272.64 2035.69
0.072 105 7742.24 5945.68 5472.05 3909.98 2270.19 2035.69
0.072 110 7685.69 5945.68 5420.02 3909.99 2265.67 2035.69
0.072 115 7626.62 5945.69 5365.57 3909.99 2261.05 2035.69
0.072 120 7607.1 5945.7 5336.67 3910 2270.42 2035.69
0.072 125 7568.96 5945.71 5295.32 3910.01 2273.63 2035.69
0.072 130 7566.02 5945.71 5292.32 3910.03 2273.7 2035.69
0.072 135 7587.07 5945.72 5308.48 3910.04 2278.58 2035.68
0.072 140 7625.38 5945.73 5342.11 3910.05 2283.27 2035.67
0.072 145 7652.43 5945.74 5370.6 3910.06 2281.83 2035.67
0.072 150 7683.36 5945.74 5404.47 3910.08 2278.89 2035.66
0.072 155 7745.6 5945.75 5471.32 3910.09 2274.27 2035.65
0.072 160 7805.14 5945.75 5524.23 3910.1 2280.9 2035.64
0.072 165 7872.47 5945.75 5578.14 3910.11 2294.32 2035.64
0.072 170 7884.49 5945.75 5596.58 3910.12 2287.9 2035.63
0.074 0 7889.42 5945.75 5612.91 3910.13 2276.49 2035.62
0.074 5 7869.53 5945.75 5591.07 3910.13 2278.45 2035.61
0.074 10 7814.07 5945.75 5539.32 3910.14 2274.74 2035.6
0.074 15 7770.03 5945.74 5497.97 3910.14 2272.05 2035.6
0.074 20 7697.55 5945.74 5433.7 3910.14 2263.84 2035.59
0.074 25 7639.64 5945.73 5376.87 3910.14 2262.76 2035.59
0.074 30 7602.78 5945.72 5340.77 3910.13 2262.01 2035.59
0.074 35 7573.42 5945.72 5299.68 3910.12 2273.74 2035.59
0.074 40 7538.19 5945.71 5267.91 3910.11 2270.28 2035.59
0.074 45 7546.4 5945.7 5275.27 3910.1 2271.13 2035.6
0.074 50 7597.16 5945.69 5312.81 3910.09 2284.35 2035.6
0.074 55 7613.28 5945.68 5331.07 3910.07 2282.2 2035.61
0.074 60 7648.43 5945.68 5370.88 3910.05 2277.54 2035.62
0.074 65 7700.45 5945.67 5427.51 3910.04 2272.93 2035.63
0.074 70 7755.67 5945.67 5481.22 3910.02 2274.45 2035.64
0.074 75 7825.94 5945.66 5536.02 3910.01 2289.91 2035.65
0.074 80 7870.8 5945.66 5575.1 3910 2295.69 2035.66
0.074 85 7875.86 5945.66 5597.65 3909.99 2278.2 2035.67
0.074 90 7890.57 5945.66 5607.78 3909.98 2282.77 2035.68
0.074 95 7843.95 5945.67 5564.98 3909.98 2278.96 2035.68
0.074 100 7788.44 5945.67 5519.22 3909.98 2269.21 2035.69
0.074 105 7726.9 5945.68 5458.47 3909.98 2268.43 2035.69
0.074 110 7668.6 5945.68 5404.34 3909.98 2264.25 2035.69
0.074 115 7609.31 5945.69 5351.89 3909.99 2257.41 2035.69
0.074 120 7587.26 5945.7 5319.46 3910 2267.79 2035.69
0.074 125 7550.1 5945.71 5279.56 3910.01 2270.53 2035.69
0.074 130 7544.19 5945.72 5272.61 3910.02 2271.58 2035.69
0.074 135 7565.31 5945.72 5289.54 3910.04 2275.77 2035.68
0.074 140 7608.63 5945.73 5325.91 3910.05 2282.72 2035.68
0.074 145 7628.67 5945.74 5349.2 3910.06 2279.46 2035.67
0.074 150 7666.4 5945.74 5390.47 3910.08 2275.93 2035.66
0.074 155 7727.64 5945.75 5454.98 3910.09 2272.65 2035.65
0.074 160 7791.19 5945.75 5513.08 3910.1 2278.11 2035.64
0.074 165 7858.11 5945.75 5568.21 3910.11 2289.89 2035.64
0.074 170 7870.94 5945.75 5586.74 3910.12 2284.19 2035.63
